Date,Open,High,Low,Close,Adj. Close,Change,Volume
2010-09-10,101.68000,101.86000,101.29600,101.78000,77.95200,0.45%,8600
2010-09-13,102.96000,103.14000,102.50000,103.06000,78.93200,1.26%,33700
2010-09-14,102.84000,103.48000,102.38000,103.03800,78.91500,-0.02%,59400
2010-09-15,102.62000,103.38000,102.40000,103.30000,79.11600,0.25%,9200
2010-09-16,103.02000,103.32000,102.70000,103.26000,79.08500,-0.04%,59500
2010-09-17,103.88000,103.88000,103.02000,103.36000,79.16200,0.10%,49300
2010-09-20,103.74000,105.04000,103.46000,105.04000,80.44900,1.63%,19000
2010-09-21,105.02000,105.44000,104.28000,104.72000,80.20400,-0.30%,19200
2010-09-22,104.56000,105.04000,103.96000,104.16000,79.77500,-0.53%,18100
2010-09-23,103.32000,104.34000,103.12000,103.30600,79.12100,-0.82%,33300
2010-09-24,103.94000,104.90000,103.86800,104.84000,80.72300,1.48%,24100
2010-09-27,104.98000,104.98000,104.34000,104.34000,80.33800,-0.48%,15000
2010-09-28,104.31800,105.02000,103.42000,105.02000,80.86200,0.65%,49800
2010-09-29,104.58000,104.91000,104.22000,104.52000,80.47700,-0.48%,15900
2010-09-30,105.20000,105.68000,103.96000,104.36000,80.35300,-0.15%,44700
2010-10-01,105.08000,105.16000,104.16500,104.72000,80.63100,0.34%,17100
2010-10-04,105.26000,105.26000,103.50000,103.84000,79.95300,-0.84%,88700
2010-10-05,105.02000,106.20000,104.82000,106.11600,81.70500,2.19%,19800
2010-10-06,106.12000,106.28000,105.62000,105.93600,81.56700,-0.17%,276900
2010-10-07,106.50000,106.50000,105.32000,105.88000,81.52400,-0.05%,49900
2010-10-08,106.02000,106.74000,105.66000,106.68000,82.14000,0.76%,61500
2010-10-11,106.72000,106.84000,106.28000,106.50000,82.00100,-0.17%,14200
2010-10-12,106.38000,107.24000,105.74000,107.12000,82.47800,0.58%,42000
2010-10-13,107.58000,108.28000,107.24000,107.76000,82.97100,0.60%,74400
2010-10-14,107.70000,107.81800,106.80000,107.36000,82.66300,-0.37%,19100
2010-10-15,108.04000,108.08000,106.72000,107.56000,82.81700,0.19%,54900
2010-10-18,107.62000,108.44000,107.44000,108.34000,83.41800,0.73%,22800
2010-10-19,107.14000,107.68000,106.02000,106.62000,82.09400,-1.59%,38500
2010-10-20,106.94000,108.16000,106.94000,107.76000,82.97100,1.07%,22800
2010-10-21,108.26000,108.75600,107.31000,107.92000,83.09400,0.15%,29400
2010-10-22,108.16000,108.20000,107.94000,108.18000,83.29500,0.24%,24800
2010-10-25,109.02000,109.28000,108.46000,108.50000,83.54100,0.30%,29600
2010-10-26,107.92000,108.55200,107.88000,108.48000,83.52600,-0.02%,15000
2010-10-27,107.74000,108.22000,107.22000,108.14000,83.26400,-0.31%,17100
2010-10-28,108.76000,108.82000,107.76000,108.22000,83.32500,0.07%,19200
2010-10-29,108.10000,108.42000,108.00000,108.30000,83.38700,0.07%,13400
2010-11-01,108.92000,109.42000,107.76000,108.36000,83.43300,0.06%,51500
2010-11-02,109.22000,109.42000,108.85800,109.20000,84.08000,0.78%,26100
2010-11-03,109.42000,109.66000,108.32000,109.66000,84.43400,0.42%,31800
2010-11-04,110.90000,111.80000,110.74000,111.72000,86.02000,1.88%,49000
2010-11-05,111.90000,112.30000,111.68000,112.16000,86.35900,0.39%,48300
2010-11-08,111.88000,112.08000,111.50000,112.02000,86.25100,-0.12%,43400
2010-11-09,112.18000,112.30000,110.79600,111.14000,85.57400,-0.79%,35700
2010-11-10,111.16000,111.60000,110.32000,111.56000,85.89700,0.38%,28200
2010-11-11,110.68000,111.28000,110.42400,111.20000,85.62000,-0.32%,24000
2010-11-12,110.40000,110.86000,109.38000,109.82000,84.55700,-1.24%,39400
2010-11-15,110.30000,110.52100,109.64000,109.72000,84.48000,-0.09%,202700
2010-11-16,109.02000,109.02000,107.47400,107.96000,83.12500,-1.60%,32800
2010-11-17,108.06000,108.45200,107.78000,108.04000,83.18700,0.07%,42400
2010-11-18,109.08000,109.92000,109.08000,109.64000,84.41900,1.48%,26100
2010-11-19,109.50000,109.94000,109.03400,109.90000,84.61900,0.24%,20200
2010-11-22,109.42000,109.80400,108.58000,109.80000,84.54200,-0.09%,25300
2010-11-23,108.56000,108.64000,107.92400,108.26000,83.35600,-1.40%,142400
2010-11-24,108.94000,109.77200,108.94000,109.65900,84.43300,1.29%,30100
2010-11-26,108.96000,109.40000,108.82000,109.04000,83.95700,-0.56%,32600
2010-11-29,108.36000,109.16000,107.66000,108.93400,83.87500,-0.10%,46000
2010-11-30,107.96000,108.86000,107.82000,108.18000,83.29500,-0.69%,91900
2010-12-01,109.92000,110.74000,109.88000,110.62000,85.17300,2.26%,33300
2010-12-02,110.74000,112.10000,110.74000,112.06000,86.28200,1.30%,60600
2010-12-03,111.66000,112.46000,111.64000,112.34000,86.49800,0.25%,184100
2010-12-06,112.16000,112.42000,112.00000,112.20000,86.39000,-0.12%,64100
2010-12-07,113.34000,113.38000,112.20200,112.24000,86.42100,0.04%,109000
2010-12-08,112.40000,112.74000,111.96000,112.70000,86.77500,0.41%,69000
2010-12-09,113.34000,113.34000,112.66800,113.12000,87.09800,0.37%,54800
2010-12-10,113.48000,113.88000,113.22000,113.80000,87.62200,0.60%,73900
2010-12-13,114.32000,114.44000,113.82000,113.86000,87.66800,0.05%,77000
2010-12-14,114.12000,114.36000,113.66000,113.92000,87.71400,0.05%,59600
2010-12-15,113.74000,114.20000,113.24000,113.42000,87.32900,-0.44%,43600
2010-12-16,113.56000,114.16000,113.12000,114.08000,87.83700,0.58%,60600
2010-12-17,114.00000,114.34000,113.82000,114.24000,87.96100,0.14%,59100
2010-12-20,114.58000,114.74000,113.96000,114.48000,88.14500,0.21%,72600
2010-12-21,114.86000,115.30000,114.78000,115.18000,88.68400,0.61%,76200
2010-12-22,115.34000,115.60000,115.24800,115.60000,89.00800,0.36%,108200
2010-12-23,115.44000,115.52000,115.15800,115.42000,88.86900,-0.16%,57400
2010-12-27,114.46000,115.02000,114.40000,114.98000,88.93500,-0.38%,71800
2010-12-28,115.22000,115.22000,114.80000,115.10000,89.02800,0.10%,56600
2010-12-29,115.32000,115.44000,115.20000,115.20000,89.10600,0.09%,53600
2010-12-30,115.12000,115.26000,114.87600,115.02000,88.96600,-0.16%,78900
2010-12-31,114.86000,115.14000,114.68000,115.14000,89.05900,0.10%,145700
2011-01-03,115.94000,116.66000,115.89800,116.22000,89.89500,0.94%,119200
2011-01-04,116.56000,116.56000,115.49900,116.12000,89.81700,-0.09%,108300
2011-01-05,115.86000,116.80000,115.72000,116.74000,90.29700,0.53%,717700
2011-01-06,116.84000,116.92000,116.22000,116.54000,90.14200,-0.17%,72400
2011-01-07,116.70000,116.86000,115.48000,116.30600,89.96100,-0.20%,82200
2011-01-10,115.88000,116.28000,115.48000,116.20000,89.87900,-0.09%,124500
2011-01-11,116.66000,116.84800,116.12000,116.58000,90.17300,0.33%,131700
2011-01-12,117.32000,117.71900,117.10000,117.62000,90.97700,0.89%,107300
2011-01-13,117.68000,117.74000,117.16000,117.46000,90.85400,-0.14%,96000
2011-01-14,117.30000,118.34000,117.26000,118.30000,91.50300,0.72%,193400
2011-01-18,118.26000,118.58000,118.04800,118.50000,91.65800,0.17%,194900
2011-01-19,118.44000,118.50000,117.02000,117.32000,90.74500,-1.00%,111900
2011-01-20,117.08000,117.38000,116.32100,117.17600,90.63400,-0.12%,103400
2011-01-21,117.90000,118.14000,117.32000,117.44000,90.83800,0.23%,117900
2011-01-24,117.40000,118.20000,117.38000,118.16000,91.39500,0.61%,455900
2011-01-25,117.80000,118.20000,117.20000,118.12000,91.36400,-0.03%,226500
2011-01-26,118.44000,118.94000,118.24000,118.74000,91.84400,0.52%,109200
2011-01-27,118.68000,119.09200,118.48000,118.90000,91.96700,0.13%,297200
2011-01-28,119.08000,119.22000,116.68000,116.80400,90.34600,-1.76%,891400
2011-01-31,117.22000,117.80000,116.93800,117.70000,91.03900,0.77%,140500
2011-02-01,118.48000,119.77200,118.38000,119.54000,92.46200,1.56%,147400
2011-02-02,119.24000,119.66000,119.24000,119.34000,92.30800,-0.17%,91000
2011-02-03,119.20000,119.80000,118.50000,119.64000,92.54000,0.25%,72200
2011-02-04,119.70000,120.02000,119.14000,119.96000,92.78700,0.27%,97000
2011-02-07,120.30000,121.12000,120.26000,120.71800,93.37400,0.63%,118000
2011-02-08,120.88000,121.30000,120.60000,121.28000,93.80800,0.47%,153500
2011-02-09,120.98000,121.28000,120.46400,120.98000,93.57600,-0.25%,139600
2011-02-10,120.40000,121.16000,120.16000,121.02000,93.60700,0.03%,125200
2011-02-11,120.60000,121.92000,120.56000,121.78000,94.19500,0.63%,149200
2011-02-14,121.72000,122.14000,121.58000,122.08000,94.42700,0.25%,92200
2011-02-15,121.72000,121.86000,121.38000,121.64800,94.09300,-0.35%,82100
2011-02-16,122.10000,122.60000,121.97200,122.42000,94.69000,0.63%,94300
2011-02-17,122.06000,122.96000,121.96000,122.88000,95.04600,0.38%,158200
2011-02-18,122.96000,123.22000,122.68000,123.08000,95.20100,0.16%,120800
2011-02-22,121.68000,122.38000,120.24000,120.56000,93.25100,-2.05%,288400
2011-02-23,120.50000,120.76000,119.10000,119.88000,92.72500,-0.56%,276000
2011-02-24,119.66000,120.15200,118.66000,119.76000,92.63300,-0.10%,241300
2011-02-25,120.34000,121.12000,120.20000,121.06000,93.63800,1.09%,106300
2011-02-28,121.54000,121.94000,121.16000,121.78000,94.19500,0.59%,208300
2011-03-01,122.28000,122.30000,119.70000,119.70000,92.58600,-1.71%,235300
2011-03-02,119.62000,120.56000,119.50000,120.04000,92.84900,0.28%,176300
2011-03-03,121.08000,122.23800,121.08000,122.10000,94.44300,1.72%,136400
2011-03-04,122.06000,122.06000,120.40000,121.20000,93.74600,-0.74%,168200
2011-03-07,121.60000,121.74800,119.60000,120.14000,92.92700,-0.87%,155200
2011-03-08,120.42000,121.61800,119.96000,121.26000,93.79300,0.93%,106300
2011-03-09,121.06000,121.38000,120.50000,121.12000,93.68500,-0.12%,116400
2011-03-10,119.88000,119.88000,118.76000,118.90000,91.96700,-1.83%,267800
2011-03-11,118.40000,120.14000,118.40000,119.70000,92.58600,0.67%,134300
2011-03-14,118.96000,119.26000,118.06600,119.00000,92.04500,-0.58%,146100
2011-03-15,115.82000,118.24000,115.62000,117.67800,91.02200,-1.11%,346800
2011-03-16,117.26000,117.56000,114.64000,115.44000,89.29100,-1.90%,339900
2011-03-17,117.14000,117.40000,116.24200,116.88000,90.40500,1.25%,176200
2011-03-18,118.40000,118.40000,117.14000,117.38000,90.79200,0.43%,127700
2011-03-21,118.84000,119.38000,118.68000,119.16000,92.16900,1.52%,136100
2011-03-22,119.18000,119.30000,118.69800,118.74000,91.84400,-0.35%,137800
2011-03-23,118.52000,119.42000,117.94000,119.12000,92.13800,0.32%,204100
2011-03-24,119.82000,120.38000,119.20000,120.23100,92.99700,0.93%,110800
2011-03-25,120.02000,120.58000,119.78000,120.06000,93.27900,-0.14%,134300
2011-03-28,120.38000,120.64000,119.76800,119.80000,93.07700,-0.22%,166100
2011-03-29,119.70000,120.62000,119.29400,120.58400,93.68600,0.65%,110900
2011-03-30,121.24000,121.74000,121.12800,121.40000,94.32000,0.68%,105500
2011-03-31,121.30000,121.56000,121.10000,121.24000,94.19600,-0.13%,127500
2011-04-01,122.12000,122.34000,121.50000,121.80000,94.63100,0.46%,70400
2011-04-04,122.10000,122.26000,121.52000,121.86000,94.67800,0.05%,78800
2011-04-05,121.56000,122.32000,121.56000,121.86000,94.67800,,204900
2011-04-06,122.48000,122.50000,121.78000,122.22000,94.95700,0.30%,142900
2011-04-07,122.06000,122.50000,121.36000,122.00000,94.78700,-0.18%,107100
2011-04-08,122.50000,122.52000,121.02000,121.54000,94.42900,-0.38%,86800
2011-04-11,121.68000,122.02000,120.92000,121.12800,94.10900,-0.34%,139600
2011-04-12,120.50000,120.60000,119.80000,120.24000,93.41900,-0.73%,104800
2011-04-13,120.84000,120.90000,119.80000,120.28000,93.45000,0.03%,185100
2011-04-14,119.58000,120.49600,119.16000,120.30000,93.46600,0.02%,78400
2011-04-15,120.50000,121.04000,120.22000,120.72000,93.79200,0.35%,79700
2011-04-18,119.30000,119.60000,118.44000,119.40000,92.76600,-1.09%,151600
2011-04-19,119.62000,120.14000,119.32000,120.14000,93.34100,0.62%,78900
2011-04-20,121.58000,121.98000,121.48000,121.76000,94.60000,1.35%,173200
2011-04-21,122.38000,122.38000,121.94000,122.29800,95.01800,0.44%,197800
2011-04-25,122.32000,122.40000,121.82600,122.18000,94.92600,-0.10%,99000
2011-04-26,122.62000,123.50000,122.52600,123.24700,95.75500,0.87%,85000
2011-04-27,123.56000,124.24000,123.00000,124.04000,96.37100,0.64%,72800
2011-04-28,123.90000,124.60000,123.86000,124.44000,96.68200,0.32%,66000
2011-04-29,124.50000,124.88000,124.41800,124.80000,96.96200,0.29%,99000
2011-05-02,125.44000,125.44000,124.32200,124.52000,96.74400,-0.22%,131000
2011-05-03,124.36000,124.52000,123.50000,124.12000,96.43400,-0.32%,66500
2011-05-04,124.10000,124.10000,122.78000,123.27800,95.77900,-0.68%,107000
2011-05-05,122.62000,123.35200,121.64000,122.20400,94.94500,-0.87%,98900
2011-05-06,123.48000,124.00000,122.28000,122.78000,95.39300,0.47%,138500
2011-05-09,122.80000,123.58000,122.58000,123.28000,95.78100,0.41%,66000
2011-05-10,123.66000,124.48000,123.52000,124.29000,96.56600,0.82%,175500
2011-05-11,124.12000,124.12000,122.41800,122.98000,95.54800,-1.05%,174400
2011-05-12,122.68000,123.74000,122.02000,123.64000,96.06100,0.54%,113500
2011-05-13,123.62000,123.70000,122.20000,122.56800,95.22800,-0.87%,126400
2011-05-16,122.20000,123.02000,121.62000,121.80000,94.63100,-0.63%,113500
2011-05-17,121.36000,121.86000,120.92000,121.78000,94.61600,-0.02%,142400
2011-05-18,121.90000,122.98000,121.68000,122.92000,95.50100,0.94%,70500
2011-05-19,123.34000,123.46000,122.64000,123.08000,95.62600,0.13%,266600
2011-05-20,122.86000,123.00000,122.00000,122.24900,94.98000,-0.68%,95400
2011-05-23,120.70000,121.15800,120.40000,120.80000,93.85400,-1.19%,136200
2011-05-24,121.16000,121.36000,120.52000,120.70000,93.77700,-0.08%,89600
2011-05-25,120.16000,121.50000,120.16000,121.10000,94.08700,0.33%,62300
2011-05-26,120.78000,121.80000,120.54000,121.58000,94.46000,0.40%,60400
2011-05-27,121.98000,122.40000,121.86000,122.11200,94.87400,0.44%,47600
2011-05-31,123.30000,123.36000,122.41800,123.34000,95.82800,1.01%,172500
2011-06-01,123.04000,123.04000,120.54000,120.60000,93.69900,-2.22%,222000
2011-06-02,120.70000,120.92000,119.82000,120.46000,93.59000,-0.12%,211800
2011-06-03,119.00000,120.18000,119.00000,119.30000,92.68900,-0.96%,148400
2011-06-06,119.06000,119.18000,117.93300,118.04000,91.71000,-1.06%,113200
2011-06-07,118.52000,118.94000,117.86000,117.88000,91.58600,-0.14%,203700
2011-06-08,117.70000,118.08800,117.26000,117.40000,91.21300,-0.41%,87600
2011-06-09,117.78000,118.78400,117.46200,118.29700,91.91000,0.76%,43300
2011-06-10,117.84000,117.86000,116.40000,116.64000,90.62200,-1.40%,106700
2011-06-13,116.90000,117.22000,116.18000,116.72000,90.68400,0.07%,77900
2011-06-14,117.82000,118.66000,117.82000,118.22000,91.85000,1.29%,75400
2011-06-15,117.28000,117.56000,115.90000,116.16000,90.24900,-1.74%,79700
2011-06-16,116.20000,116.90700,115.54000,116.38000,90.42000,0.19%,66000
2011-06-17,117.48000,117.50000,116.38000,116.70000,90.66900,0.27%,58800
2011-06-20,116.34000,117.56000,116.32000,117.36000,91.18200,0.57%,53700
2011-06-21,117.94000,119.15500,117.84000,118.96000,92.42500,1.36%,132400
2011-06-22,118.66000,119.26000,118.20000,118.26000,91.88100,-0.59%,106000
2011-06-23,116.84000,117.90400,116.00000,117.86400,91.57300,-0.33%,260700
2011-06-24,117.32000,117.36000,115.80000,116.00000,90.56800,-1.58%,114500
2011-06-27,116.08000,117.42600,115.82600,116.98000,91.33300,0.84%,77800
2011-06-28,117.48000,118.52000,117.36000,118.48000,92.50400,1.28%,59500
2011-06-29,119.10000,119.70000,118.66800,119.54000,93.33200,0.89%,125300
2011-06-30,119.94000,120.84000,119.82000,120.68000,94.22200,0.95%,124800
2011-07-01,120.74000,122.60000,120.54000,122.50000,95.64300,1.51%,139500
2011-07-05,122.40000,122.60000,122.00000,122.30000,95.48700,-0.16%,91800
2011-07-06,122.08000,122.64000,121.76000,122.48000,95.62700,0.15%,94800
2011-07-07,123.58000,124.10000,123.38000,123.82000,96.67300,1.09%,195400
2011-07-08,122.40000,122.98000,122.02000,122.98000,96.01700,-0.68%,105600
2011-07-11,121.44000,121.84000,120.44600,120.70000,94.23700,-1.85%,92700
2011-07-12,120.46000,121.42000,120.16000,120.16000,93.81600,-0.45%,132400
2011-07-13,120.82000,121.82000,120.32000,120.58000,94.14400,0.35%,129700
2011-07-14,120.92000,121.38000,119.52000,119.80000,93.53500,-0.65%,55900
2011-07-15,120.46000,120.58000,119.64000,120.46000,94.05000,0.55%,40300
2011-07-18,119.94000,120.02000,118.56000,119.44000,93.25400,-0.85%,94000
2011-07-19,120.14000,121.48000,120.08000,121.38000,94.76800,1.62%,233300
2011-07-20,121.76000,121.78000,121.15800,121.38000,94.76800,,90700
2011-07-21,122.00000,123.24400,121.78000,123.00000,96.03300,1.33%,234200
2011-07-22,123.00000,123.20000,122.40000,123.10000,96.11100,0.08%,90200
2011-07-25,121.88000,123.00000,121.80700,122.40000,95.56500,-0.57%,183600
2011-07-26,122.32000,122.50000,121.68000,121.88000,95.15900,-0.42%,138800
2011-07-27,121.20000,121.24000,119.30000,119.46000,93.26900,-1.99%,470300
2011-07-28,119.42000,120.48000,118.96000,119.12000,93.00400,-0.28%,169100
2011-07-29,117.96000,119.36000,117.44000,118.20000,92.28500,-0.77%,194600
2011-08-01,119.78000,119.82000,116.68000,117.78000,91.95800,-0.36%,435900
2011-08-02,116.96000,117.50000,114.78000,114.84200,89.66400,-2.49%,258400
2011-08-03,114.96000,115.54000,112.98000,115.42000,90.11500,0.50%,380500
2011-08-04,113.88000,113.96000,109.84000,110.02000,85.89900,-4.68%,504200
2011-08-05,111.38000,111.65400,106.94000,109.78000,85.71100,-0.22%,538400
2011-08-08,106.02000,108.24600,102.54000,102.74000,80.21500,-6.41%,790300
2011-08-09,104.40000,107.40000,100.92000,107.34000,83.80600,4.48%,579800
2011-08-10,105.46000,106.30000,102.48000,102.68000,80.16800,-4.34%,403100
2011-08-11,103.72000,108.70000,103.26000,107.18000,83.68100,4.38%,919300
2011-08-12,108.48000,109.00000,107.32000,108.04500,84.35700,0.81%,307200
2011-08-15,109.10000,110.40000,108.86000,110.26000,86.08600,2.05%,225900
2011-08-16,109.22000,110.36000,108.24000,109.32000,85.35200,-0.85%,263800
2011-08-17,110.00000,110.80000,108.60000,109.44000,85.44600,0.11%,160500
2011-08-18,106.58000,106.70000,103.74000,104.90000,81.90100,-4.15%,524000
2011-08-19,103.36000,105.82000,102.84000,102.90000,80.34000,-1.91%,1438400
2011-08-22,105.32000,105.38000,102.78000,102.98000,80.40200,0.08%,246400
2011-08-23,103.52000,106.58000,103.00000,106.54000,83.18200,3.46%,301900
2011-08-24,106.32000,108.08000,106.06000,108.00000,84.32200,1.37%,151000
2011-08-25,108.72000,109.18000,105.62000,106.38000,83.05700,-1.50%,294100
2011-08-26,105.66000,108.28000,104.02000,107.78000,84.15000,1.32%,197500
2011-08-29,109.34000,110.96000,109.24000,110.92000,86.60200,2.91%,159000
2011-08-30,110.50000,111.92000,109.66000,111.12000,86.75800,0.18%,129900
2011-08-31,111.98000,112.90600,110.92000,111.68000,87.19500,0.50%,214900
2011-09-01,111.74000,112.80000,110.54000,110.60000,86.35200,-0.97%,274900
2011-09-02,108.32000,108.84000,107.40000,107.74000,84.11900,-2.59%,150300
2011-09-06,104.72000,107.14000,104.64000,107.00000,83.54100,-0.69%,197900
2011-09-07,108.72000,110.04100,108.30000,110.02000,85.89900,2.82%,199700
2011-09-08,109.34000,110.58000,108.68000,108.86000,84.99300,-1.05%,115600
2011-09-09,107.66000,107.94000,105.44000,106.00000,82.76000,-2.63%,174200
2011-09-12,105.02000,106.76000,104.36100,106.76000,83.35300,0.72%,161300
2011-09-13,107.10000,108.06000,106.38000,107.64000,84.04100,0.82%,193500
2011-09-14,108.26000,110.46000,106.76000,109.16000,85.22700,1.41%,459000
2011-09-15,110.34000,111.10000,109.42000,111.04000,86.69500,1.72%,128700
2011-09-16,111.44000,112.05600,110.70000,111.70000,87.21100,0.59%,79000
2011-09-19,109.86000,111.10000,109.18000,110.66000,86.39900,-0.93%,82100
2011-09-20,111.12000,112.14000,110.43600,110.48000,86.25800,-0.16%,154500
2011-09-21,110.60000,110.86000,107.14000,107.14000,83.65000,-3.02%,139000
2011-09-22,104.20000,105.00000,102.38000,103.78000,81.02700,-3.14%,420500
2011-09-23,102.60000,104.32000,102.46000,103.68000,81.40200,-0.10%,329200
2011-09-26,104.72000,106.34600,103.32000,106.20000,83.38000,2.43%,193800
2011-09-27,108.44000,109.28000,106.86000,107.42000,84.33800,1.15%,617500
2011-09-28,107.70000,108.24000,105.07200,105.28000,82.65800,-1.99%,197300
2011-09-29,107.06000,107.45900,104.16000,106.04000,83.25500,0.72%,119300
2011-09-30,104.56000,105.47900,103.38000,103.52000,81.27600,-2.38%,183300
2011-10-03,102.82000,104.08000,100.34000,100.34000,78.77900,-3.07%,333100
2011-10-04,99.14000,102.82000,98.24000,102.54000,80.50700,2.19%,285600
2011-10-05,102.88000,104.82000,102.00000,104.58000,82.10800,1.99%,281000
2011-10-06,104.52000,106.62000,103.76300,106.60000,83.69400,1.93%,583800
2011-10-07,107.16000,107.16800,105.18000,105.78000,83.05000,-0.77%,627100
2011-10-10,107.74000,109.36000,107.66000,109.36000,85.86100,3.38%,168200
2011-10-11,108.76000,109.72000,108.60000,109.32000,85.83000,-0.04%,663200
2011-10-12,110.28000,111.60000,110.00000,110.32000,86.61500,0.91%,509100
2011-10-13,109.70000,110.44000,108.90000,110.16000,86.48900,-0.15%,364000
2011-10-14,111.50000,112.06000,110.91400,111.98000,87.91800,1.65%,423400
2011-10-17,111.48000,111.60000,109.64000,109.88000,86.26900,-1.88%,309600
2011-10-18,109.84000,112.84000,109.00000,112.08000,87.99700,2.00%,259100
2011-10-19,111.84000,112.47200,110.40000,110.68000,86.89800,-1.25%,107900
2011-10-20,111.00000,111.48000,109.59900,111.18000,87.29000,0.45%,68200
2011-10-21,112.50000,113.42000,112.24000,113.32000,88.97000,1.92%,87200
2011-10-24,113.56000,114.96000,113.44000,114.76000,90.10100,1.27%,138500
2011-10-25,114.18000,114.18000,112.24000,112.54000,88.35800,-1.93%,102400
2011-10-26,113.76000,114.06000,111.80000,113.62000,89.20600,0.96%,1922200
2011-10-27,116.78000,118.30000,115.80000,117.54000,92.28400,3.45%,309200
2011-10-28,117.04000,117.78000,116.88000,117.66000,92.37800,0.10%,693600
2011-10-31,116.26000,116.34600,114.64000,114.64000,90.00700,-2.57%,153400
2011-11-01,111.54000,112.90000,111.16000,111.60000,87.62000,-2.65%,307100
2011-11-02,113.26700,113.76000,112.32000,113.36000,89.00200,1.58%,122600
2011-11-03,114.64000,115.68600,113.04000,115.46000,90.65000,1.85%,173600
2011-11-04,114.46000,114.90000,113.42000,114.79600,90.12900,-0.58%,147400
2011-11-07,114.64000,115.52000,113.64000,115.46000,90.65000,0.58%,79500
2011-11-08,116.10000,117.02000,115.02000,116.84000,91.73400,1.20%,135700
2011-11-09,114.24000,114.71900,112.40000,112.62000,88.42100,-3.61%,246800
2011-11-10,114.10000,114.20000,112.62000,113.64000,89.22200,0.91%,121800
2011-11-11,115.04000,116.10000,115.02000,115.86400,90.96800,1.96%,132600
2011-11-14,115.42000,115.47000,114.22000,114.74000,90.08500,-0.97%,359500
2011-11-15,114.52000,115.91200,114.12000,115.34000,90.55600,0.52%,402200
2011-11-16,114.20000,115.46000,113.32000,113.48000,89.09600,-1.61%,91900
2011-11-17,113.26000,113.54000,110.91200,111.66000,87.66700,-1.60%,989900
2011-11-18,112.02000,112.18000,111.10000,111.50000,87.54100,-0.14%,188100
2011-11-21,109.90000,110.06000,108.48000,109.50000,85.97100,-1.79%,236700
2011-11-22,109.20000,109.80000,108.38000,108.92000,85.51600,-0.53%,263300
2011-11-23,108.00000,108.02000,106.60000,106.62000,83.71000,-2.11%,249100
2011-11-25,106.40000,107.58000,106.30000,106.30000,83.45900,-0.30%,75600
2011-11-28,109.26000,109.82000,108.64000,109.48000,85.95500,2.99%,155500
2011-11-29,109.76000,110.50000,109.40000,109.80000,86.20700,0.29%,134900
2011-11-30,112.90000,114.48000,112.62000,114.30000,89.74000,4.10%,424400
2011-12-01,114.14000,114.83800,113.82000,114.22000,89.67700,-0.07%,107300
2011-12-02,115.40000,115.67000,114.14000,114.16000,89.63000,-0.05%,127300
2011-12-05,116.00000,116.28000,114.72000,115.40000,90.60300,1.09%,194500
2011-12-06,115.38000,116.20000,115.02000,115.50000,90.68200,0.09%,67600
2011-12-07,115.10000,116.32000,114.35300,115.88000,90.98000,0.33%,86600
2011-12-08,115.02000,115.26000,113.08000,113.38000,89.01700,-2.16%,93400
2011-12-09,113.88000,115.54000,113.80000,115.30000,90.52500,1.69%,882200
2011-12-12,114.28000,114.28000,112.66000,113.64000,89.22200,-1.44%,127200
2011-12-13,114.22000,114.76000,112.00000,112.56000,88.37400,-0.95%,162800
2011-12-14,112.10000,112.49800,111.10000,111.30000,87.38400,-1.12%,945100
2011-12-15,112.52000,112.62000,111.56000,111.72000,87.71400,0.38%,82500
2011-12-16,112.52000,113.10000,111.64000,111.80000,87.77700,0.07%,1480000
2011-12-19,112.28000,112.49400,110.44000,110.66000,86.88200,-1.02%,454100
2011-12-20,112.34000,114.16800,112.34000,113.96000,89.47300,2.98%,143800
2011-12-21,113.90000,114.38000,113.01600,114.30000,89.74000,0.30%,182600
2011-12-22,114.70000,115.38000,114.50000,115.38000,90.58800,0.94%,1439800
2011-12-23,114.96000,115.68000,114.76000,115.60000,91.29900,0.19%,256400
2011-12-27,115.38000,118.00000,115.36000,115.72000,91.39400,0.10%,388600
2011-12-28,115.72000,115.72000,114.10000,114.30000,90.27200,-1.23%,180300
2011-12-29,114.62000,118.16000,114.52000,115.34000,91.09400,0.91%,259100
2011-12-30,115.32000,115.55900,114.90000,114.90000,90.74600,-0.38%,254300
2012-01-03,116.90000,117.45500,116.60000,116.60000,92.08900,1.48%,163200
2012-01-04,116.44000,116.92000,115.96000,116.80000,92.24700,0.17%,448400
2012-01-05,116.28000,117.29500,115.68000,117.18000,92.54700,0.33%,253500
2012-01-06,117.30000,117.30000,116.47200,116.94000,92.35700,-0.20%,166900
2012-01-09,117.14000,117.24000,116.54000,117.12000,92.49900,0.15%,177000
2012-01-10,118.36000,118.53300,117.97200,118.12000,93.28900,0.85%,261200
2012-01-11,117.78000,118.34000,117.56000,118.24000,93.38400,0.10%,203800
2012-01-12,118.52000,118.64000,117.58000,118.50000,93.58900,0.22%,202200
2012-01-13,117.70000,118.00000,116.82200,118.00000,93.19400,-0.42%,147200
2012-01-17,118.98000,119.18000,118.05000,118.32000,93.44700,0.27%,324200
2012-01-18,118.32000,119.64000,118.10000,119.64000,94.49000,1.12%,172100
2012-01-19,120.00000,120.34000,119.72000,120.28000,94.99500,0.53%,224500
2012-01-20,120.08000,120.34000,119.78000,120.28000,94.99500,,345200
2012-01-23,120.28000,120.98000,119.86000,120.40000,95.09000,0.10%,130900
2012-01-24,119.68000,120.30000,119.48000,120.22000,94.94800,-0.15%,203100
2012-01-25,120.08000,121.53800,119.64000,121.28000,95.78500,0.88%,254000
2012-01-26,121.86000,122.00000,120.16000,120.66000,95.29500,-0.51%,137600
2012-01-27,120.04000,120.78000,120.00000,120.50000,95.16900,-0.13%,104100
2012-01-30,119.40000,120.20000,118.98000,120.10000,94.85300,-0.33%,329600
2012-01-31,120.80000,120.92000,119.60000,120.04000,94.80600,-0.05%,157400
2012-02-01,121.00000,121.74000,120.86000,121.18000,95.70600,0.95%,99000
2012-02-02,121.44000,121.66000,120.96000,121.42000,95.89500,0.20%,143000
2012-02-03,122.60000,123.14000,122.38000,123.14000,97.25400,1.42%,223100
2012-02-06,122.58000,123.02000,122.40000,122.96000,97.11200,-0.15%,150200
2012-02-07,122.76000,123.52000,122.28000,123.34000,97.41200,0.31%,164200
2012-02-08,123.40000,123.69200,122.88000,123.60000,97.61700,0.21%,259700
2012-02-09,123.90000,124.02000,123.14000,123.74000,97.72800,0.11%,259000
2012-02-10,122.68000,123.00000,122.44000,122.90000,97.06400,-0.68%,123500
2012-02-13,123.78000,123.98000,123.30000,123.84000,97.80700,0.76%,230400
2012-02-14,123.50000,123.72000,122.85100,123.66800,97.67100,-0.14%,203400
2012-02-15,124.10000,124.24000,122.88000,123.12000,97.23800,-0.44%,188100
2012-02-16,123.12000,124.54000,122.92800,124.46000,98.29600,1.09%,438500
2012-02-17,124.90000,124.92000,124.32000,124.76000,98.53300,0.24%,604200
2012-02-21,125.10000,125.36000,124.46000,124.84000,98.59700,0.06%,758200
2012-02-22,124.60000,124.88000,124.24000,124.42000,98.26500,-0.34%,190900
2012-02-23,124.38000,125.08000,123.96000,125.02000,98.73900,0.48%,328000
2012-02-24,125.28000,125.50000,125.00000,125.20000,98.88100,0.14%,162900
2012-02-27,124.44000,125.80000,124.22000,125.42000,99.05500,0.18%,267800
2012-02-28,125.54000,125.90900,125.28000,125.86000,99.40200,0.35%,141900
2012-02-29,126.04000,126.39500,125.11000,125.18000,98.86500,-0.54%,229600
2012-03-01,125.64000,126.22000,125.20000,126.00000,99.51300,0.66%,193400
2012-03-02,125.96000,126.05600,125.35300,125.66000,99.24400,-0.27%,142800
2012-03-05,125.42000,125.48000,124.66000,125.12000,98.81800,-0.43%,667900
2012-03-06,123.80000,123.86000,122.90000,123.16000,97.27000,-1.57%,411100
2012-03-07,123.58000,124.32000,123.46600,124.14000,98.04400,0.80%,170300
2012-03-08,124.92000,125.60000,124.64000,125.34000,98.99100,0.97%,253600
2012-03-09,125.62000,126.14000,125.47800,125.82000,99.37100,0.38%,152900
2012-03-12,125.86000,126.01600,125.42000,125.88000,99.41800,0.05%,174700
2012-03-13,126.58000,128.18000,126.36000,128.14000,101.20300,1.80%,192100
2012-03-14,128.20000,128.46000,127.64000,128.04000,101.12400,-0.08%,709900
2012-03-15,128.22000,128.80000,127.88000,128.70000,101.64500,0.52%,501600
2012-03-16,129.02000,129.10000,128.69400,128.88000,101.78700,0.14%,272200
2012-03-19,128.88000,129.84000,128.76000,129.42000,102.21400,0.42%,143500
2012-03-20,128.72000,129.20000,128.36000,129.06000,101.92900,-0.28%,1310800
2012-03-21,129.10000,129.24000,128.60000,128.86000,101.77100,-0.15%,162100
2012-03-22,127.90000,128.24000,127.54000,127.86000,100.98200,-0.78%,633200
2012-03-23,128.06000,128.44000,127.32000,128.36000,101.37700,0.39%,111900
2012-03-26,128.68000,129.52000,128.66000,129.52000,102.74300,0.90%,203000
2012-03-27,129.70000,129.78000,129.10000,129.16000,102.45700,-0.28%,573500
2012-03-28,129.12000,129.28000,127.80000,128.54000,101.96600,-0.48%,201300
2012-03-29,127.78000,128.46000,127.26000,128.32000,101.79100,-0.17%,2612000
2012-03-30,128.92000,129.04000,128.24000,128.74000,102.12400,0.33%,270700
2012-04-02,128.74000,130.12000,128.48000,129.78000,102.94900,0.81%,374700
2012-04-03,129.54000,129.82000,128.50000,129.28000,102.55300,-0.39%,333800
2012-04-04,128.26000,128.38600,127.54000,127.92000,101.47400,-1.05%,383000
2012-04-05,127.52000,128.28000,127.40000,127.88000,101.44200,-0.03%,722300
2012-04-09,126.30000,126.97000,126.14000,126.46000,100.31600,-1.11%,474800
2012-04-10,126.22000,126.56000,124.22000,124.26000,98.57000,-1.74%,392600
2012-04-11,125.66000,125.82600,125.14000,125.28000,99.37900,0.82%,172800
2012-04-12,125.42000,127.06000,125.40000,127.00000,100.74400,1.37%,105500
2012-04-13,126.70000,126.70000,125.36000,125.48000,99.53800,-1.20%,2416800
2012-04-16,126.16000,126.30000,124.94000,125.34000,99.42700,-0.11%,826800
2012-04-17,126.16000,127.52000,126.08000,127.26000,100.95000,1.53%,497400
2012-04-18,126.72000,127.24800,126.60000,126.82000,100.60100,-0.35%,420700
2012-04-19,126.86000,127.30000,125.44000,126.00000,99.95100,-0.65%,831200
2012-04-20,126.58000,126.98000,126.16000,126.20000,100.10900,0.16%,112100
2012-04-23,124.94000,125.26000,124.40000,125.12000,99.25300,-0.86%,324900
2012-04-24,125.24000,125.92000,125.20000,125.58000,99.61700,0.37%,469300
2012-04-25,126.84000,127.38000,126.76000,127.34000,101.01400,1.40%,171700
2012-04-26,127.12000,128.38400,127.00000,128.22000,101.71200,0.69%,157100
2012-04-27,128.66000,128.82000,127.94000,128.48000,101.91800,0.20%,185000
2012-04-30,128.22000,128.26400,127.64000,127.92000,101.47400,-0.44%,247600
2012-05-01,127.96000,129.60000,127.80000,128.76000,102.14000,0.66%,527400
2012-05-02,128.06000,128.52000,127.62000,128.36000,101.82300,-0.31%,154200
2012-05-03,128.46000,128.50000,127.20000,127.42000,101.07700,-0.73%,177000
2012-05-04,126.76000,126.84000,125.30000,125.34000,99.42700,-1.63%,365200
2012-05-07,124.90000,125.86000,124.86000,125.44000,99.50600,0.08%,990300
2012-05-08,124.70000,125.12000,123.48000,124.90000,99.07800,-0.43%,403000
2012-05-09,123.60000,124.98000,123.04000,124.20000,98.52300,-0.56%,373700
2012-05-10,125.14000,125.18000,124.24000,124.42000,98.69700,0.18%,130100
2012-05-11,123.70000,125.20000,123.63400,124.02000,98.38000,-0.32%,365300
2012-05-14,122.86000,123.54000,122.54000,122.70000,97.33300,-1.06%,953200
2012-05-15,122.58000,123.32000,121.82000,122.02000,96.79300,-0.55%,1532500
2012-05-16,122.52000,123.02000,121.50000,121.50000,96.38100,-0.43%,331300
2012-05-17,121.58000,121.68000,119.66000,119.66000,94.92100,-1.51%,288700
2012-05-18,120.16000,120.40000,118.55300,118.72000,94.17600,-0.79%,760300
2012-05-21,119.04000,120.78000,118.90000,120.72000,95.76200,1.68%,271500
2012-05-22,121.08000,121.88000,120.18000,120.98000,95.96800,0.22%,654400
2012-05-23,120.10000,121.14000,118.92800,120.98000,95.96800,,176000
2012-05-24,121.38000,121.50000,120.22900,121.20000,96.14300,0.18%,112000
2012-05-25,121.22000,121.50000,120.62000,120.92000,95.92100,-0.23%,336400
2012-05-29,121.88000,122.53400,121.46000,122.30000,97.01600,1.14%,306600
2012-05-30,121.30000,121.34000,120.30000,120.54000,95.61900,-1.44%,809500
2012-05-31,120.54000,121.14000,119.26000,120.24000,95.38100,-0.25%,424100
2012-06-01,118.34000,118.75600,117.24000,117.30000,93.04900,-2.45%,641800
2012-06-04,117.44000,117.76000,116.34300,117.26000,93.01800,-0.03%,213600
2012-06-05,116.96000,118.22000,116.89100,117.94000,93.55700,0.58%,252300
2012-06-06,118.92000,120.78000,118.86000,120.76000,95.79400,2.39%,254600
2012-06-07,122.12000,122.16000,120.58000,120.74000,95.77800,-0.02%,201000
2012-06-08,120.60000,121.80000,120.10100,121.74000,96.57100,0.83%,219500
2012-06-11,122.80000,122.84000,120.12000,120.26000,95.39700,-1.22%,304600
2012-06-12,120.58000,121.66000,120.00000,121.66000,96.50800,1.16%,168300
2012-06-13,121.24000,121.94000,120.42000,120.86000,95.87300,-0.66%,144900
2012-06-14,121.08000,122.60000,120.84200,122.20000,96.93600,1.11%,2181300
2012-06-15,122.62000,123.44000,122.42000,123.28000,97.79300,0.88%,229200
2012-06-18,122.88000,123.89200,122.58100,123.54000,97.99900,0.21%,482500
2012-06-19,124.20000,125.30000,124.14000,124.80000,98.99900,1.02%,175200
2012-06-20,124.84000,125.18000,123.70000,124.60000,98.84000,-0.16%,235700
2012-06-21,124.78000,124.82000,121.72000,121.86000,96.66700,-2.20%,155400
2012-06-22,122.48000,122.96000,122.00000,122.74000,97.36500,0.72%,285800
2012-06-25,120.84000,120.86000,119.72000,120.16000,95.82600,-2.10%,283200
2012-06-26,120.48000,121.09800,119.82000,120.74000,96.28800,0.48%,352700
2012-06-27,121.16000,122.06000,121.10000,121.82000,97.15000,0.89%,301100
2012-06-28,121.04000,121.64000,120.14000,121.54000,96.92600,-0.23%,171700
2012-06-29,123.72000,124.62000,123.38000,124.56000,99.33500,2.48%,305000
2012-07-02,124.90000,125.01600,124.03400,124.90000,99.60600,0.27%,258700
2012-07-03,124.90000,125.80000,124.76800,125.72000,100.26000,0.66%,161000
2012-07-05,125.34000,125.70000,124.72000,125.18000,99.82900,-0.43%,308900
2012-07-06,123.98000,124.20000,123.36800,124.02000,98.90400,-0.93%,478300
2012-07-09,123.94000,124.02000,123.26700,123.86000,98.77600,-0.13%,177800
2012-07-10,124.46000,124.60000,122.32000,122.72000,97.86700,-0.92%,322300
2012-07-11,122.78000,123.09300,122.06000,122.74000,97.88300,0.02%,199700
2012-07-12,122.04000,122.68000,121.32000,122.10000,97.37300,-0.52%,432700
2012-07-13,122.48000,124.30000,122.48000,124.18000,99.03200,1.70%,480600
2012-07-16,123.90000,124.26000,123.46000,123.90000,98.80800,-0.23%,164400
2012-07-17,124.40000,125.00000,123.12000,124.78000,99.51000,0.71%,293400
2012-07-18,124.48000,125.92000,124.40000,125.68000,100.22800,0.72%,242900
2012-07-19,125.98000,126.40000,125.56000,126.00000,100.48300,0.25%,516500
2012-07-20,125.30000,125.48000,124.74000,124.84000,99.55800,-0.92%,606900
2012-07-23,123.02000,123.94000,122.48000,123.60000,98.56900,-0.99%,451400
2012-07-24,123.70000,123.70000,121.72000,122.62000,97.78800,-0.79%,533700
2012-07-25,122.82000,123.10000,121.92000,122.54000,97.72400,-0.07%,509100
2012-07-26,124.38000,124.82700,123.76000,124.54000,99.31900,1.63%,412400
2012-07-27,125.26000,127.24000,125.04600,126.94000,101.23300,1.93%,901900
2012-07-30,126.76000,127.46000,126.50000,126.88000,101.18500,-0.05%,348300
2012-07-31,126.72000,127.06000,126.06000,126.06000,100.53100,-0.65%,681600
2012-08-01,126.88000,126.92000,125.72000,125.92000,100.41900,-0.11%,526400
2012-08-02,125.00000,125.86000,124.08000,125.04000,99.71700,-0.70%,478100
2012-08-03,126.84000,127.74000,126.74000,127.48000,101.66300,1.95%,239800
2012-08-06,127.88000,128.26000,127.72000,127.82000,101.93400,0.27%,547200
2012-08-07,128.30000,128.94000,128.26000,128.40000,102.39700,0.45%,380200
2012-08-08,127.96000,128.70000,127.96000,128.54000,102.50900,0.11%,322000
2012-08-09,128.42000,128.92000,128.26000,128.68000,102.62000,0.11%,360600
2012-08-10,128.20000,128.94000,127.94000,128.88000,102.78000,0.16%,336400
2012-08-13,128.66000,128.86000,128.14000,128.78000,102.70000,-0.08%,329900
2012-08-14,129.28000,129.34000,128.46000,128.84000,102.74800,0.05%,456900
2012-08-15,128.76000,129.18000,128.68000,128.98000,102.86000,0.11%,213000
2012-08-16,129.14000,130.10000,128.86000,129.86000,103.56100,0.68%,632400
2012-08-17,130.14000,130.22000,129.80000,130.16000,103.80100,0.23%,355300
2012-08-20,129.98000,130.14000,129.58000,130.12000,103.76900,-0.03%,288100
2012-08-21,130.44000,130.94000,129.46000,129.72000,103.45000,-0.31%,304100
2012-08-22,129.38000,129.94000,129.10000,129.74000,103.46600,0.02%,350000
2012-08-23,129.50000,129.50000,128.50000,128.72000,102.65200,-0.79%,159900
2012-08-24,128.46000,129.78000,128.34000,129.52000,103.29000,0.62%,410900
2012-08-27,129.86000,130.00000,129.36000,129.52000,103.29000,,221600
2012-08-28,129.22000,129.80000,129.00000,129.40000,103.19400,-0.09%,193400
2012-08-29,129.50000,129.84000,129.14000,129.52000,103.29000,0.09%,176900
2012-08-30,128.92000,128.94000,128.30000,128.54000,102.50900,-0.76%,148900
2012-08-31,129.30000,129.76000,128.48000,129.22000,103.05100,0.53%,805400
2012-09-04,129.14000,129.42000,128.24000,128.88000,102.78000,-0.26%,347800
2012-09-05,129.16000,129.46000,128.72000,128.88000,102.78000,,417000
2012-09-06,129.74000,131.56000,129.74000,131.56000,104.91700,2.08%,261200
2012-09-07,131.80000,132.10000,131.68000,132.10000,105.34800,0.41%,513200
2012-09-10,131.98000,132.20000,131.28000,131.32000,104.72600,-0.59%,187400
2012-09-11,131.46000,132.12000,131.38400,131.68000,105.01300,0.27%,348400
2012-09-12,132.20000,132.28000,131.73300,132.10000,105.34800,0.32%,290700
2012-09-13,132.16000,134.58000,131.96000,134.20000,107.02200,1.59%,335000
2012-09-14,134.44000,135.58000,134.36000,134.76000,107.46900,0.42%,855800
2012-09-17,134.50000,134.70000,133.98000,134.36000,107.15000,-0.30%,338400
2012-09-18,134.14000,134.36000,133.88000,134.22000,107.03800,-0.10%,216900
2012-09-19,134.38000,134.70000,134.04000,134.32000,107.11800,0.07%,397500
2012-09-20,133.68000,134.36000,133.30000,134.30000,107.10200,-0.01%,448500
2012-09-21,134.96000,134.96000,134.20000,134.22000,107.03800,-0.06%,1295000
2012-09-24,132.90000,133.64000,132.80000,133.36000,106.90000,-0.64%,489800
2012-09-25,133.66000,133.88000,131.92000,132.00000,105.80900,-1.02%,287900
2012-09-26,131.90000,131.91000,130.86000,131.16000,105.13600,-0.64%,175500
2012-09-27,131.76000,132.74000,131.42000,132.44000,106.16200,0.98%,586800
2012-09-28,131.94000,132.34000,131.40000,131.84000,105.68100,-0.45%,263900
2012-10-01,132.30000,133.34000,131.86000,132.08000,105.87400,0.18%,493500
2012-10-02,132.70000,132.87100,131.70000,132.26000,106.01800,0.14%,272900
2012-10-03,132.66000,133.14000,131.98000,132.80000,106.45100,0.41%,149100
2012-10-04,133.34000,133.92000,133.17200,133.82000,107.26800,0.77%,226600
2012-10-05,134.48000,134.72000,133.40000,133.78000,107.23600,-0.03%,251200
2012-10-08,133.32000,133.54000,133.09100,133.38000,106.91600,-0.30%,139700
2012-10-09,133.24000,133.30600,131.98000,132.08000,105.87400,-0.97%,360000
2012-10-10,131.96000,132.08000,131.02000,131.18000,105.15200,-0.68%,291900
2012-10-11,132.08000,132.28000,131.26000,131.26000,105.21600,0.06%,436200
2012-10-12,131.30000,131.76600,130.54000,130.80000,104.84800,-0.35%,503100
2012-10-15,131.12000,132.02000,130.72000,131.90000,105.72900,0.84%,361300
2012-10-16,132.50000,133.34000,132.46800,133.24000,106.80300,1.02%,839200
2012-10-17,133.34000,133.96000,133.20000,133.86000,107.30000,0.47%,163500
2012-10-18,133.50000,134.13000,133.06000,133.52000,107.02800,-0.25%,211900
2012-10-19,133.24000,133.24000,130.98000,131.24000,105.20000,-1.71%,353600
2012-10-22,131.08000,131.50000,130.26000,131.32000,105.26400,0.06%,503500
2012-10-23,129.92000,130.04000,128.96000,129.40000,103.72500,-1.46%,519000
2012-10-24,129.90000,130.10000,128.92000,129.12000,103.50100,-0.22%,365600
2012-10-25,130.08000,130.24000,128.72000,129.48000,103.78900,0.28%,485500
2012-10-26,129.34000,129.84000,128.54000,129.38000,103.70900,-0.08%,307100
2012-10-31,129.94000,130.01700,128.80000,129.26000,103.61300,-0.09%,586700
2012-11-01,129.72000,130.90000,129.62000,130.78000,104.83100,1.18%,317600
2012-11-02,131.58000,131.58000,129.50000,129.60000,103.88600,-0.90%,902700
2012-11-05,129.40000,130.14000,129.05200,129.90000,104.12600,0.23%,371200
2012-11-06,130.24000,131.35800,130.14000,130.86000,104.89600,0.74%,275100
2012-11-07,129.72000,129.72000,127.32000,128.00000,102.60300,-2.19%,1039800
2012-11-08,127.90000,128.54000,126.30000,126.30000,101.24000,-1.33%,819200
2012-11-09,126.00000,127.66000,125.92000,126.44000,101.35300,0.11%,1032700
2012-11-12,126.88000,127.06000,126.33400,126.62000,101.49700,0.14%,179700
2012-11-13,125.92000,127.46000,125.76000,126.16000,101.12800,-0.36%,438700
2012-11-14,126.56000,126.70000,124.16000,124.62000,99.89400,-1.22%,340000
2012-11-15,124.50000,124.94000,123.76000,124.14000,99.50900,-0.39%,615400
2012-11-16,124.44000,125.08000,123.38000,124.78000,100.02200,0.52%,403400
2012-11-19,126.26000,127.36000,126.20000,127.32000,102.05800,2.04%,334200
2012-11-20,127.18000,127.62000,126.42000,127.46000,102.17000,0.11%,368700
2012-11-21,127.54000,127.78000,127.30000,127.74000,102.39500,0.22%,143800
2012-11-23,128.32000,129.44000,128.22000,129.36000,103.69300,1.27%,182700
2012-11-26,128.80000,129.20000,128.36600,129.20000,103.56500,-0.12%,396800
2012-11-27,129.02000,129.44000,128.40000,128.58000,103.06800,-0.48%,294900
2012-11-28,127.98000,129.58000,127.28000,129.54000,103.83800,0.75%,253300
2012-11-29,130.06000,130.52000,129.48000,130.12000,104.30200,0.45%,293200
2012-11-30,130.16000,130.38000,129.72000,130.00000,104.20600,-0.09%,387400
2012-12-03,130.74000,130.82000,129.40000,129.54000,103.83800,-0.35%,406900
2012-12-04,129.54000,129.88000,128.96000,129.30000,103.64500,-0.19%,243700
2012-12-05,129.46000,130.12000,128.56000,129.58000,103.87000,0.22%,256900
2012-12-06,129.46000,130.06000,129.30000,129.98000,104.19000,0.31%,119900
2012-12-07,130.54000,130.66000,129.74000,130.38000,104.51100,0.31%,295300
2012-12-10,130.24000,130.75800,130.18000,130.46000,104.57500,0.06%,231700
2012-12-11,131.02000,131.94000,130.96000,131.30000,105.24800,0.64%,586900
2012-12-12,131.90000,132.36000,131.27600,131.40000,105.32800,0.08%,353600
2012-12-13,131.38000,131.70000,130.28000,130.60000,104.68700,-0.61%,354800
2012-12-14,130.32000,130.56000,129.92000,130.18000,104.35100,-0.32%,316000
2012-12-17,130.44000,131.74000,130.44000,131.74000,105.60100,1.20%,457200
2012-12-18,131.88000,133.26000,131.70000,133.08000,106.67500,1.02%,802500
2012-12-19,133.32000,133.32000,132.10000,132.10000,105.89000,-0.74%,1522200
2012-12-20,132.22000,132.94000,131.88000,132.92000,106.54700,0.62%,1862200
2012-12-21,131.10000,131.94000,130.96000,131.68000,105.55300,-0.93%,747700
2012-12-24,130.54000,130.54000,130.22000,130.36000,105.24800,-1.00%,257900
2012-12-26,130.60000,130.68000,129.46000,129.74000,104.74800,-0.48%,389600
2012-12-27,129.82000,130.08000,128.16000,129.62000,104.65100,-0.09%,716400
2012-12-28,128.86000,129.50400,128.14000,128.18000,103.48800,-1.11%,543100
2012-12-31,127.92000,130.54000,127.80000,130.38000,105.26400,1.72%,1265000
2013-01-02,132.94000,133.70000,132.56000,133.60000,107.86400,2.47%,2166600
2013-01-03,133.64000,133.98000,133.04000,133.48000,107.76700,-0.09%,1146100
2013-01-04,133.62000,134.22000,133.36000,134.04000,108.21900,0.42%,574300
2013-01-07,133.54000,133.78000,133.14000,133.68000,107.92900,-0.27%,598200
2013-01-08,133.44000,133.60000,132.76000,133.28000,107.60600,-0.30%,476100
2013-01-09,133.58000,133.98000,133.42000,133.68000,107.92900,0.30%,1214600
2013-01-10,134.42000,134.72000,133.68000,134.66000,108.72000,0.73%,508000
2013-01-11,134.70000,134.72000,134.26000,134.72000,108.76800,0.04%,562500
2013-01-14,134.56000,134.68000,134.10000,134.60000,108.67200,-0.09%,475600
2013-01-15,133.96000,134.80000,133.88000,134.66000,108.72000,0.04%,532300
2013-01-16,134.38000,134.86000,134.26000,134.66000,108.72000,,399400
2013-01-17,135.26000,135.90000,134.99300,135.49000,109.39000,0.62%,605700
2013-01-18,135.52000,135.96000,135.02000,135.88000,109.70500,0.29%,2081300
2013-01-22,135.86000,136.54000,135.52000,136.54000,110.23800,0.49%,1458000
2013-01-23,136.60000,136.90000,136.33800,136.74000,110.39900,0.15%,812900
2013-01-24,136.56000,137.46000,136.46000,136.82000,110.46400,0.06%,1635500
2013-01-25,137.30000,137.59000,136.89200,137.58000,111.07700,0.56%,613600
2013-01-28,137.64000,137.64000,136.95900,137.42000,110.94800,-0.12%,1188600
2013-01-29,137.18000,138.14800,137.10000,137.98000,111.40000,0.41%,680700
2013-01-30,137.98000,138.20000,137.32000,137.44000,110.96400,-0.39%,754700
2013-01-31,137.30000,137.70000,137.00000,137.12000,110.70600,-0.23%,443900
2013-02-01,137.98000,138.66000,137.76000,138.44000,111.77200,0.96%,2253300
2013-02-04,137.68000,137.88000,136.86000,136.92000,110.54500,-1.10%,541400
2013-02-05,137.72000,138.72000,137.64000,138.32000,111.67500,1.02%,416600
2013-02-06,137.86000,138.52000,137.78000,138.44000,111.77200,0.09%,415600
2013-02-07,138.48000,138.56000,137.26000,138.26000,111.62600,-0.13%,480000
2013-02-08,138.52000,139.08000,138.52000,139.02000,112.24000,0.55%,441000
2013-02-11,139.00000,139.10000,138.68000,138.96000,112.19200,-0.04%,288100
2013-02-12,139.02000,139.48800,138.86000,139.18000,112.36900,0.16%,409500
2013-02-13,139.52000,139.74000,138.96000,139.30000,112.46600,0.09%,1064700
2013-02-14,138.94000,139.64000,138.76000,139.50000,112.62800,0.14%,272800
2013-02-15,139.62000,139.71900,138.78000,139.32000,112.48200,-0.13%,331300
2013-02-19,139.54000,140.36000,139.52000,140.28000,113.25700,0.69%,363800
2013-02-20,140.24000,140.28000,138.54000,138.54000,111.85300,-1.24%,1033200
2013-02-21,138.20000,138.22000,137.32000,137.88000,111.32000,-0.48%,1410300
2013-02-22,138.44000,139.08000,138.08000,139.08000,112.28900,0.87%,1352300
2013-02-25,139.82000,139.98000,136.46000,136.46000,110.17300,-1.88%,1063400
2013-02-26,137.10000,137.54000,136.22000,137.38000,110.91600,0.67%,1571400
2013-02-27,137.26000,139.50000,137.16000,139.10000,112.30500,1.25%,783400
2013-02-28,139.10000,139.98000,138.62000,138.94000,112.17500,-0.12%,2426700
2013-03-01,138.32000,139.50000,137.74000,139.30000,112.46600,0.26%,1540500
2013-03-04,139.00000,140.08000,138.78000,140.08000,113.09600,0.56%,536500
2013-03-05,140.76000,141.68000,140.74000,141.28000,114.06500,0.86%,532500
2013-03-06,141.84000,141.86000,141.22000,141.54000,114.27500,0.18%,1884400
2013-03-07,141.74000,141.94800,141.56000,141.80000,114.48500,0.18%,454300
2013-03-08,142.36000,142.54000,141.67400,142.36000,114.93700,0.39%,714300
2013-03-11,142.28000,142.92000,142.07600,142.88000,115.35700,0.37%,360000
2013-03-12,142.82000,142.96000,142.14400,142.56000,115.09800,-0.22%,489800
2013-03-13,142.66000,142.98000,142.20000,142.76000,115.26000,0.14%,456800
2013-03-14,143.18000,143.62000,143.09200,143.52000,115.87300,0.53%,670500
2013-03-15,143.40000,143.58000,142.90000,143.32000,115.71200,-0.14%,767800
2013-03-18,142.00000,143.18000,141.86100,142.54000,115.08200,-0.54%,819500
2013-03-19,142.86000,143.02000,141.30000,142.20000,114.80800,-0.24%,603900
2013-03-20,143.02000,143.42000,142.84000,143.18000,115.59900,0.69%,1279900
2013-03-21,142.32000,142.84000,141.76000,142.02000,114.66200,-0.81%,312100
2013-03-22,141.78000,142.40000,141.67000,142.38000,115.49400,0.25%,437000
2013-03-25,142.86000,143.10000,141.32000,141.98000,115.16900,-0.28%,615400
2013-03-26,142.52000,143.06000,142.34000,143.04000,116.02900,0.75%,1374500
2013-03-27,142.20000,143.06000,141.90000,142.96000,115.96400,-0.06%,392900
2013-03-28,142.96000,143.62000,142.76000,143.28000,116.22400,0.22%,366400
2013-04-01,143.40000,144.20000,142.54000,142.88000,115.89900,-0.28%,618100
2013-04-02,143.38000,143.92000,143.20000,143.58000,116.46700,0.49%,799300
2013-04-03,143.72000,143.80000,141.78000,142.14000,115.29900,-1.00%,771900
2013-04-04,142.30000,142.98000,142.04800,142.70000,115.75300,0.39%,975000
2013-04-05,141.00000,142.26000,140.80000,142.14000,115.29900,-0.39%,642100
2013-04-08,142.20000,143.04000,141.70000,143.02000,116.01300,0.62%,315900
2013-04-09,143.32000,144.06000,142.87200,143.54000,116.43500,0.36%,369000
2013-04-10,143.94000,145.44000,143.90000,145.30000,117.86200,1.23%,1110200
2013-04-11,145.32000,146.22000,145.18000,145.78000,118.25200,0.33%,450400
2013-04-12,145.32000,145.64000,144.62000,145.46000,117.99200,-0.22%,1241200
2013-04-15,144.68000,144.78000,142.04000,142.14000,115.29900,-2.28%,671800
2013-04-16,143.16000,144.17200,142.76600,144.14000,116.92100,1.41%,673400
2013-04-17,143.14000,143.14000,141.28000,142.02000,115.20200,-1.47%,767800
2013-04-18,142.28000,142.28000,140.58000,140.86000,114.26100,-0.82%,3966900
2013-04-19,141.42000,142.42000,141.12000,142.36000,115.47800,1.06%,731400
2013-04-22,142.64000,143.30000,141.70000,143.00000,115.99700,0.45%,527900
2013-04-23,143.70000,144.60000,143.00000,144.52000,117.23000,1.06%,875000
2013-04-24,144.52000,144.96000,144.26000,144.56000,117.26200,0.03%,1775700
2013-04-25,144.98000,145.84000,144.78000,145.20000,117.78100,0.44%,300400
2013-04-26,144.96000,145.22000,144.44000,144.88000,117.52200,-0.22%,259700
2013-04-29,145.30000,146.18000,145.08000,145.82000,118.28400,0.65%,519000
2013-04-30,145.86000,146.28000,145.26000,146.28000,118.65700,0.32%,486300
2013-05-01,145.92000,145.96000,144.78000,144.96000,117.58700,-0.90%,462400
2013-05-02,145.36000,146.40000,145.20000,146.26000,118.64100,0.90%,404700
2013-05-03,147.58000,148.24000,147.50000,147.64000,119.76100,0.94%,475800
2013-05-06,147.90000,148.38000,147.81700,148.10000,120.13400,0.31%,699700
2013-05-07,148.48000,148.96000,148.06000,148.86000,120.75000,0.51%,391900
2013-05-08,148.78000,149.64000,148.67900,149.64000,121.38300,0.52%,294900
2013-05-09,149.54000,149.92000,148.82000,149.20000,121.02600,-0.29%,397500
2013-05-10,149.34000,149.74000,148.88000,149.72000,121.44800,0.35%,671100
2013-05-13,149.48000,150.00000,149.12000,149.70000,121.43200,-0.01%,1208600
2013-05-14,149.94000,151.42000,149.90000,151.28000,122.71300,1.06%,363000
2013-05-15,151.10000,152.44000,151.04000,152.14000,123.41100,0.57%,707000
2013-05-16,151.86000,152.34000,151.22000,151.44000,122.84300,-0.46%,676600
2013-05-17,152.02000,152.98000,151.82000,152.88000,124.01100,0.95%,660700
2013-05-20,152.76000,153.49600,152.61200,152.88000,124.01100,,665400
2013-05-21,153.06000,153.68000,152.52000,153.08000,124.17300,0.13%,481200
2013-05-22,153.32000,154.85200,151.30300,152.06000,123.34600,-0.67%,978000
2013-05-23,150.34000,151.92000,150.14000,151.52000,122.90800,-0.36%,1134700
2013-05-24,150.60000,151.40000,150.20000,151.32000,122.74600,-0.13%,684800
2013-05-28,153.14000,153.68000,151.88000,152.40000,123.62200,0.71%,566800
2013-05-29,151.50000,151.84000,150.52000,151.24000,122.68100,-0.76%,881200
2013-05-30,151.42000,152.58000,151.36000,151.90000,123.21600,0.44%,444800
2013-05-31,151.48000,152.28000,149.50000,149.68000,121.41500,-1.46%,814800
2013-06-03,150.06000,150.60000,148.96000,150.46000,122.04800,0.52%,1002200
2013-06-04,150.58000,151.22000,149.04000,150.00000,121.67500,-0.31%,1190600
2013-06-05,149.38000,149.64000,147.58000,147.70000,119.80900,-1.53%,1122300
2013-06-06,147.66000,148.98000,146.76000,148.86000,120.75000,0.79%,1172500
2013-06-07,150.08000,151.06000,149.42000,150.94000,122.43700,1.40%,1464600
2013-06-10,151.46000,151.46000,150.54000,150.88000,122.38900,-0.04%,1841200
2013-06-11,149.52000,150.68000,148.98000,149.34000,121.13900,-1.02%,1502800
2013-06-12,150.42000,150.52000,148.00000,148.18000,120.19900,-0.78%,1058300
2013-06-13,148.02000,150.60000,147.72000,150.32000,121.93400,1.44%,1280100
2013-06-14,150.18000,150.77200,149.16000,149.40000,121.18800,-0.61%,1172600
2013-06-17,150.48000,151.28000,149.78000,150.60000,122.16200,0.80%,1048100
2013-06-18,150.70000,152.00000,150.69900,151.76000,123.10300,0.77%,1033300
2013-06-19,151.68000,151.94000,149.66000,149.74000,121.46400,-1.33%,990900
2013-06-20,148.22000,148.44000,145.56600,145.94000,118.38200,-2.54%,1686200
2013-06-21,146.96000,147.10000,144.98000,146.40000,118.75500,0.32%,1565400
2013-06-24,144.20000,145.12000,142.66000,143.82000,117.26000,-1.76%,1863700
2013-06-25,145.18000,145.76000,144.22000,145.26000,118.43500,1.00%,1520700
2013-06-26,146.44000,147.00000,145.88000,146.62000,119.54300,0.94%,1710800
2013-06-27,147.58000,148.23200,147.45200,147.60000,120.34200,0.67%,756100
2013-06-28,147.16000,147.85000,146.46000,146.68000,119.59200,-0.62%,1026400
2013-07-01,147.74000,148.80000,147.54000,147.78000,120.48900,0.75%,1394400
2013-07-02,147.56000,148.66000,147.00000,147.56000,120.31000,-0.15%,1208700
2013-07-03,147.06000,148.16000,146.76000,147.70000,120.42400,0.09%,513200
2013-07-05,148.88000,149.40000,147.78000,149.34000,121.76100,1.11%,626400
2013-07-08,150.12000,150.58000,149.84000,150.12000,122.39700,0.52%,836500
2013-07-09,151.10000,151.46000,150.48000,151.26000,123.32700,0.76%,792000
2013-07-10,151.18000,151.82000,150.82000,151.30000,123.35900,0.03%,771500
2013-07-11,153.08000,153.54000,152.58000,153.44000,125.10400,1.41%,1298300
2013-07-12,153.40000,153.78000,153.12000,153.48000,125.13700,0.03%,971400
2013-07-15,153.84000,154.22000,153.62000,154.04000,125.59300,0.36%,643900
2013-07-16,154.12000,154.20000,153.04000,153.46000,125.12000,-0.38%,698900
2013-07-17,154.04000,154.28000,153.66000,153.84000,125.43000,0.25%,702400
2013-07-18,154.18000,155.06000,154.14000,154.72000,126.14800,0.57%,432700
2013-07-19,154.40000,155.00000,154.18000,155.00000,126.37600,0.18%,367600
2013-07-22,155.20000,155.50000,154.83600,155.28000,126.60400,0.18%,420100
2013-07-23,155.58000,155.61400,154.86000,154.96000,126.34300,-0.21%,1034800
2013-07-24,155.58000,155.60000,154.08000,154.38000,125.87000,-0.37%,790000
2013-07-25,154.06000,154.86000,153.86000,154.66000,126.09900,0.18%,314200
2013-07-26,154.08000,154.96000,153.46000,154.86000,126.26200,0.13%,876800
2013-07-29,154.52000,154.86000,153.98000,154.41000,125.89500,-0.29%,927100
2013-07-30,154.96000,155.08000,154.09800,154.42000,125.90300,0.01%,446900
2013-07-31,154.76000,155.58000,154.34500,154.46000,125.93600,0.03%,623500
2013-08-01,155.68000,156.46000,155.64000,156.34000,127.46800,1.22%,491800
2013-08-02,156.02000,156.60000,155.78700,156.58000,127.66400,0.15%,558600
2013-08-05,156.34000,156.61800,156.08000,156.48000,127.58300,-0.06%,317900
2013-08-06,156.12000,156.20000,155.16000,155.54000,126.81600,-0.60%,413600
2013-08-07,155.00000,155.20000,154.43200,155.00000,126.37600,-0.35%,431100
2013-08-08,155.72000,155.86000,154.73000,155.54000,126.81600,0.35%,499000
2013-08-09,155.36000,155.82000,154.60000,155.10000,126.45700,-0.28%,618400
2013-08-12,154.34000,155.10000,154.28000,154.90000,126.29400,-0.13%,330500
2013-08-13,155.16000,155.63000,154.28000,155.50000,126.78400,0.39%,2052800
2013-08-14,155.32000,155.54000,154.54000,154.62000,126.06600,-0.57%,496300
2013-08-15,153.32000,153.32000,152.15000,152.36000,124.22300,-1.46%,750700
2013-08-16,152.12000,152.62800,151.58000,151.92000,123.86500,-0.29%,615000
2013-08-19,151.70000,152.22000,150.94000,150.96000,123.08200,-0.63%,825000
2013-08-20,151.20000,152.22000,151.01800,151.56000,123.57100,0.40%,933300
2013-08-21,151.26000,152.06000,150.40000,150.78000,122.93500,-0.51%,498400
2013-08-22,151.04000,152.32000,151.04000,152.10000,124.01100,0.88%,635800
2013-08-23,152.58000,152.80000,151.86000,152.60000,124.41900,0.33%,424400
2013-08-26,152.80000,153.26000,151.96000,152.12000,124.02800,-0.31%,704000
2013-08-27,150.58000,151.12000,149.50000,149.62000,121.98900,-1.64%,803600
2013-08-28,149.54000,150.64000,149.34000,150.12000,122.39700,0.33%,665900
2013-08-29,149.78000,151.14000,149.70000,150.36000,122.59300,0.16%,923100
2013-08-30,150.64000,150.64000,149.45200,149.70000,122.05500,-0.44%,870300
2013-09-03,151.32000,151.64000,149.94000,150.58000,122.77200,0.59%,1569400
2013-09-04,150.62000,152.06000,150.36000,151.84000,123.79900,0.84%,700200
2013-09-05,151.90000,152.40000,151.80000,151.80000,123.76700,-0.03%,692800
2013-09-06,152.54000,152.94000,150.66000,152.06000,123.97900,0.17%,1109200
2013-09-09,152.50000,153.62800,152.50000,153.56000,125.20200,0.99%,1185400
2013-09-10,154.48000,154.72000,154.16000,154.72000,126.14800,0.76%,1038600
2013-09-11,154.50000,155.20000,154.22000,155.20000,126.53900,0.31%,807600
2013-09-12,155.16000,155.33800,154.56000,154.82000,126.22900,-0.24%,855500
2013-09-13,154.92000,155.26000,154.60000,155.14000,126.49000,0.21%,540000
2013-09-16,156.82000,156.88000,155.78000,156.08000,127.25600,0.61%,693900
2013-09-17,156.16000,156.72000,156.16000,156.72000,127.77800,0.41%,2351400
2013-09-18,156.68000,158.96000,156.28000,158.60000,129.31100,1.20%,990900
2013-09-19,158.96000,159.04000,158.12000,158.34000,129.09900,-0.16%,2964000
2013-09-20,158.66000,158.66000,157.06000,157.10000,128.08800,-0.78%,611400
2013-09-23,156.16000,156.30000,155.16000,155.74000,127.62000,-0.87%,1400700
2013-09-24,155.64000,156.22000,155.02000,155.40000,127.34100,-0.22%,1632400
2013-09-25,155.40000,155.66000,154.72000,154.90000,126.93200,-0.32%,789000
2013-09-26,155.12000,155.86000,154.86000,155.52000,127.44000,0.40%,622200
2013-09-27,154.70000,154.94000,154.34000,154.86000,126.89900,-0.42%,1405900
2013-09-30,153.40000,154.38000,153.10000,154.00000,126.19400,-0.56%,1521800
2013-10-01,154.04000,155.26000,153.92000,155.18000,127.16100,0.77%,1110400
2013-10-02,154.18000,155.00000,153.74000,154.98000,126.99700,-0.13%,1253600
2013-10-03,154.60000,154.72000,152.84000,153.60000,125.86600,-0.89%,1447700
2013-10-04,153.68000,154.86000,153.48000,154.72000,126.78400,0.73%,538400
2013-10-07,153.36000,154.30000,153.22000,153.40000,125.70300,-0.85%,690800
2013-10-08,153.34000,153.52000,151.48000,151.62000,124.24400,-1.16%,2071600
2013-10-09,151.90000,152.24000,150.72000,151.62000,124.24400,,1340100
2013-10-10,153.20000,155.04000,153.20000,155.04000,127.04600,2.26%,1441200
2013-10-11,154.74000,156.02200,154.62000,155.96000,127.80000,0.59%,1235900
2013-10-14,155.02000,156.70000,154.88000,156.64000,128.35800,0.44%,1408400
2013-10-15,156.18000,156.76000,155.26000,155.48000,127.40700,-0.74%,1655700
2013-10-16,156.36000,157.70000,156.30000,157.60000,129.14400,1.36%,3102800
2013-10-17,157.00000,158.76000,156.98000,158.68000,130.02900,0.69%,2548900
2013-10-18,159.24000,159.86000,158.96000,159.74000,130.89800,0.67%,1671900
2013-10-21,159.84000,160.06000,159.42000,159.82000,130.96300,0.05%,1009100
2013-10-22,160.26000,161.14000,160.02000,160.68000,131.66800,0.54%,1364900
2013-10-23,160.16000,160.20000,159.37200,159.94000,131.06200,-0.46%,948200
2013-10-24,160.22000,160.64000,159.86000,160.46000,131.48800,0.33%,1591200
2013-10-25,160.80000,161.20000,160.48000,161.20000,132.09400,0.46%,1019700
2013-10-28,161.15000,161.66600,160.96000,161.40000,132.25800,0.12%,1155000
2013-10-29,161.79000,162.39000,161.59000,162.39000,133.06900,0.61%,844500
2013-10-30,162.53000,162.62000,160.93000,161.48000,132.32400,-0.56%,3362100
2013-10-31,161.40000,162.04000,160.80100,160.88000,131.83200,-0.37%,1437500
2013-11-01,161.28000,161.78000,160.53000,161.34000,132.20900,0.29%,1341300
2013-11-04,161.91000,162.07000,161.38000,162.07000,132.80700,0.45%,2940900
2013-11-05,161.34000,161.91000,160.84000,161.58000,132.40600,-0.30%,1147000
2013-11-06,162.21000,162.59000,161.73000,162.33000,133.02000,0.46%,1510400
2013-11-07,162.65000,162.74000,160.10000,160.25000,131.31600,-1.28%,1242100
2013-11-08,160.22000,162.45000,160.18000,162.45000,133.11900,1.37%,1629500
2013-11-11,162.28000,162.62000,162.09000,162.42000,133.09400,-0.02%,1109900
2013-11-12,162.09000,162.47000,161.58000,162.13000,132.85600,-0.18%,929600
2013-11-13,161.33000,163.44000,161.33000,163.38000,133.88100,0.77%,1336300
2013-11-14,163.61000,164.38000,163.31500,164.29000,134.62600,0.56%,1720600
2013-11-15,164.50000,165.00000,164.32000,165.00000,135.20800,0.43%,710300
2013-11-18,165.28000,165.37000,164.01000,164.39000,134.70800,-0.37%,1319800
2013-11-19,164.28000,164.78000,163.74000,164.07000,134.44600,-0.19%,1156500
2013-11-20,164.34000,164.82000,163.08000,163.55000,134.02000,-0.32%,1468000
2013-11-21,164.00000,164.95000,163.88000,164.83000,135.06900,0.78%,2121600
2013-11-22,164.91000,165.67000,164.71600,165.67000,135.75700,0.51%,1405200
2013-11-25,165.93000,165.97000,165.26000,165.57000,135.67500,-0.06%,810000
2013-11-26,165.59000,166.01000,165.29000,165.49000,135.61000,-0.05%,773300
2013-11-27,165.70000,166.04000,165.51000,165.94000,135.97800,0.27%,826300
2013-11-29,166.10000,166.51000,165.65000,165.70000,135.78200,-0.14%,614400
2013-12-02,165.95000,166.22000,165.15000,165.44000,135.56900,-0.16%,1409000
2013-12-03,164.89000,165.26000,164.16000,164.80000,135.04400,-0.39%,1076900
2013-12-04,164.10000,165.34000,163.39000,164.61000,134.88900,-0.12%,1374100
2013-12-05,164.40000,164.65000,163.80000,163.98000,134.37200,-0.38%,1168500
2013-12-06,165.55000,165.92000,165.06000,165.84000,135.89600,1.13%,1208700
2013-12-09,166.25000,166.43000,165.99000,166.22000,136.20800,0.23%,1586300
2013-12-10,165.82000,166.16700,165.51000,165.65000,135.74100,-0.34%,1747700
2013-12-11,165.67000,165.70000,163.54000,163.77000,134.20000,-1.13%,1079100
2013-12-12,163.64000,163.85000,162.87000,163.23000,133.75800,-0.33%,3453800
2013-12-13,163.53000,163.68000,162.88000,163.18000,133.71700,-0.03%,2151000
2013-12-16,163.96000,164.72000,163.90000,164.22000,134.56900,0.64%,1838100
2013-12-17,164.33000,164.36000,163.31000,163.64000,134.09400,-0.35%,1479800
2013-12-18,163.92000,166.51000,162.01000,166.49000,136.42900,1.74%,3112400
2013-12-19,166.03000,166.47000,165.57000,166.34000,136.30600,-0.09%,1242900
2013-12-20,166.44000,167.65000,166.44000,167.18000,136.99400,0.50%,1303500
2013-12-23,168.07000,168.95000,167.75000,168.95000,138.44500,1.06%,1480200
2013-12-24,167.23000,167.67000,167.22000,167.65000,138.12900,-0.77%,585700
2013-12-26,167.95000,168.53000,167.95000,168.43000,138.77100,0.47%,968100
2013-12-27,168.72000,168.76000,168.27000,168.44000,138.77900,0.01%,929700
2013-12-30,168.46000,168.56000,168.20000,168.37000,138.72200,-0.04%,1112800
2013-12-31,168.66000,169.23000,168.52000,169.15000,139.36400,0.46%,774400
2014-01-02,168.53000,168.61000,167.20000,167.63000,138.11200,-0.90%,1731300
2014-01-03,167.88000,168.21000,167.32600,167.48000,137.98900,-0.09%,1710500
2014-01-06,168.11000,168.16000,166.82000,167.06000,137.64200,-0.25%,1339000
2014-01-07,167.73000,168.37000,167.63000,168.10000,138.49900,0.62%,824700
2014-01-08,168.07000,168.40000,167.55100,168.17000,138.55700,0.04%,3147500
2014-01-09,168.67000,168.68000,167.49000,168.27000,138.63900,0.06%,1117200
2014-01-10,168.55000,168.75000,167.66000,168.66000,138.96100,0.23%,990200
2014-01-13,168.29000,168.74000,166.15000,166.52000,137.19800,-1.27%,1338500
2014-01-14,167.03000,168.35700,166.71000,168.25000,138.62300,1.04%,866000
2014-01-15,168.63000,169.43000,168.59000,169.20000,139.40600,0.56%,943100
2014-01-16,168.82000,169.00000,168.42000,168.94000,139.19100,-0.15%,778500
2014-01-17,168.70000,168.99000,167.97000,168.21000,138.59000,-0.43%,904300
2014-01-21,169.22000,169.28000,167.71000,168.74000,139.02700,0.32%,1366400
2014-01-22,169.06000,169.08000,168.49000,168.84000,139.10900,0.06%,751200
2014-01-23,168.01000,168.01000,166.59000,167.48000,137.98900,-0.81%,1294000
2014-01-24,166.37000,166.42000,163.87000,163.88000,135.02200,-2.15%,1828900
2014-01-27,164.07000,164.45000,162.28700,163.08000,134.36300,-0.49%,2882100
2014-01-28,163.24000,164.25000,163.18000,164.09000,135.19500,0.62%,1067400
2014-01-29,162.75000,163.57000,162.07000,162.38000,133.78700,-1.04%,1346400
2014-01-30,163.89000,164.72000,163.33000,164.20000,135.28600,1.12%,2086700
2014-01-31,162.15000,164.24600,162.10000,163.18000,134.44600,-0.62%,1322100
2014-02-03,163.02000,163.41300,159.26000,159.61000,131.50400,-2.19%,2969400
2014-02-04,160.29000,161.08000,159.73000,160.69000,132.39400,0.68%,1116700
2014-02-05,160.10000,160.82000,159.18000,160.42000,132.17200,-0.17%,1701400
2014-02-06,160.91000,162.59000,160.88000,162.57000,133.94300,1.34%,1109600
2014-02-07,163.37000,164.77900,162.85000,164.67000,135.67300,1.29%,1258200
2014-02-10,164.64000,164.96000,164.20000,164.93000,135.88800,0.16%,937400
2014-02-11,165.12000,167.12900,164.97000,166.75000,137.38700,1.10%,1497400
2014-02-12,166.99000,167.50000,166.48000,166.90000,137.51100,0.09%,1855000
2014-02-13,165.70000,167.84000,165.70000,167.72000,138.18600,0.49%,1336600
2014-02-14,167.56000,168.91000,167.37000,168.61000,138.92000,0.53%,917200
2014-02-18,168.74000,169.04000,168.27000,168.86000,139.12600,0.15%,1174300
2014-02-19,168.42000,169.48000,167.57400,167.70000,138.17000,-0.69%,1928100
2014-02-20,167.93000,169.07000,167.33000,168.65000,138.95300,0.57%,1080000
2014-02-21,169.02000,169.41000,168.42000,168.57000,138.88700,-0.05%,706200
2014-02-24,168.87000,170.56600,168.78000,169.37000,139.54600,0.47%,978600
2014-02-25,169.58000,170.03000,168.84000,169.31000,139.49600,-0.04%,1001000
2014-02-26,169.59000,170.04000,168.91000,169.31000,139.49600,,709000
2014-02-27,169.15000,170.27000,168.97000,170.25000,140.27100,0.56%,1034200
2014-02-28,170.22000,171.46900,169.56600,170.63000,140.58400,0.22%,853900
2014-03-03,169.19000,169.89000,168.38000,169.46000,139.62000,-0.69%,2235900
2014-03-04,171.17000,172.23000,171.13000,171.88000,141.61400,1.43%,1281500
2014-03-05,172.00000,172.31000,171.79000,171.91000,141.63800,0.02%,983100
2014-03-06,172.54000,172.83900,172.19000,172.46000,142.09200,0.32%,1037000
2014-03-07,173.08000,173.13000,171.79000,172.42000,142.05900,-0.02%,1205600
2014-03-10,172.24000,172.48000,171.47000,172.45000,142.08300,0.02%,885300
2014-03-11,172.73000,172.92000,171.17000,171.50000,141.30100,-0.55%,945700
2014-03-12,170.73000,171.65000,170.36000,171.62000,141.40000,0.07%,1065000
2014-03-13,172.14000,172.24000,169.21000,169.72000,139.83400,-1.11%,1659400
2014-03-14,169.35000,170.22100,169.00000,169.23000,139.43000,-0.29%,1323500
2014-03-17,170.06000,171.13500,169.99000,170.75000,140.68300,0.90%,1695400
2014-03-18,171.07000,172.18000,170.93000,171.96000,141.68000,0.71%,779700
2014-03-19,172.03000,172.23000,169.99000,171.02000,140.90500,-0.55%,1166300
2014-03-20,170.68000,172.16000,170.36900,171.99000,141.70400,0.57%,818200
2014-03-21,172.81000,173.18900,171.24000,171.42000,141.23500,-0.33%,825200
2014-03-24,171.19000,171.39000,169.16000,169.92000,140.64100,-0.88%,2004900
2014-03-25,170.78000,171.25000,169.78000,170.75000,141.32800,0.49%,1202100
2014-03-26,171.39000,171.64000,169.45000,169.49000,140.28500,-0.74%,1155600
2014-03-27,169.32000,169.78000,168.48000,169.15000,140.00300,-0.20%,980700
2014-03-28,169.63000,170.79000,169.50000,169.90000,140.62400,0.44%,548900
2014-03-31,171.04000,171.59000,170.87000,171.35000,141.82400,0.85%,822000
2014-04-01,171.87000,172.58900,171.76000,172.50000,142.77600,0.67%,1247500
2014-04-02,172.72000,173.29000,172.40000,173.09000,143.26400,0.34%,1972800
2014-04-03,173.33000,173.37000,172.32000,172.82000,143.04100,-0.16%,718300
2014-04-04,173.77000,173.82000,170.53000,170.74000,141.31900,-1.20%,2270800
2014-04-07,170.36000,170.65000,168.56600,168.90000,139.79600,-1.08%,1645000
2014-04-08,168.79000,169.88000,168.22000,169.60000,140.37600,0.41%,2064000
2014-04-09,170.08000,171.46000,169.61000,171.43000,141.89100,1.08%,768800
2014-04-10,171.42000,171.49000,167.62000,167.77000,138.86100,-2.13%,1286900
2014-04-11,166.92000,168.05000,166.11200,166.26000,137.61100,-0.90%,1762400
2014-04-14,167.58000,168.00000,166.26000,167.60000,138.72000,0.81%,1456600
2014-04-15,167.98000,168.87000,166.33000,168.76000,139.68100,0.69%,2160100
2014-04-16,169.92000,170.55000,169.19000,170.54000,141.15400,1.05%,2410000
2014-04-17,170.35000,171.24000,170.03000,170.74000,141.31900,0.12%,925500
2014-04-21,170.85000,171.42000,170.66000,171.37000,141.84100,0.37%,804400
2014-04-22,171.57000,172.62000,171.49000,172.12000,142.46200,0.44%,1053300
2014-04-23,172.09000,172.16000,171.65000,171.71000,142.12200,-0.24%,724500
2014-04-24,172.63000,172.63000,171.30000,172.09000,142.43700,0.22%,543900
2014-04-25,171.55000,171.63000,170.32000,170.71000,141.29500,-0.80%,1357900
2014-04-28,171.39000,171.96000,169.49000,171.23000,141.72500,0.30%,647800
2014-04-29,171.79000,172.29000,171.43000,172.05000,142.40400,0.48%,1065900
2014-04-30,171.75000,172.71000,171.50000,172.59000,142.85100,0.31%,605300
2014-05-01,172.50000,173.03000,172.03000,172.60000,142.85900,0.01%,623900
2014-05-02,172.56000,173.26000,172.06000,172.32000,142.62700,-0.16%,754800
2014-05-05,171.49000,172.72000,171.02000,172.68000,142.92500,0.21%,792600
2014-05-06,172.27000,172.38000,171.11000,171.18000,141.68400,-0.87%,567700
2014-05-07,171.73000,172.22000,170.44000,172.19000,142.52000,0.59%,1160600
2014-05-08,171.96000,173.19700,171.43300,171.98000,142.34600,-0.12%,1390700
2014-05-09,171.98000,172.28700,171.20000,172.28000,142.59400,0.17%,955400
2014-05-12,172.96000,173.98000,172.96000,173.91000,143.94300,0.95%,780100
2014-05-13,174.09000,174.49000,173.89000,174.07000,144.07600,0.09%,994800
2014-05-14,173.91000,173.97000,173.00000,173.23000,143.38000,-0.48%,1335700
2014-05-15,172.90000,172.93000,170.87000,171.67000,142.08900,-0.90%,3191100
2014-05-16,171.80000,172.36000,171.10000,172.34000,142.64400,0.39%,699600
2014-05-19,171.98000,173.10000,171.81000,172.93000,143.13200,0.34%,926900
2014-05-20,172.86000,172.88000,171.41000,171.79000,142.18800,-0.66%,669400
2014-05-21,172.36000,173.37000,172.31000,173.28000,143.42200,0.87%,991300
2014-05-22,173.35000,174.06000,173.06000,173.75000,143.81100,0.27%,859000
2014-05-23,173.91000,174.54000,173.82000,174.47000,144.40700,0.41%,613900
2014-05-27,175.09000,175.55000,175.00000,175.50000,145.25900,0.59%,890000
2014-05-28,175.52000,175.79000,175.09000,175.32000,145.11000,-0.10%,990900
2014-05-29,175.82000,176.32000,175.37000,176.32000,145.93800,0.57%,541000
2014-05-30,176.16000,176.69000,175.98000,176.55000,146.12800,0.13%,874700
2014-06-02,176.83000,176.85000,175.94400,176.79000,146.32700,0.14%,1620200
2014-06-03,176.35000,176.78600,176.22000,176.68000,146.23600,-0.06%,1252900
2014-06-04,176.37000,177.15000,176.20000,177.00000,146.50100,0.18%,984900
2014-06-05,177.24000,178.38000,176.63000,178.20000,147.49400,0.68%,853600
2014-06-06,178.62000,179.09000,178.52000,179.05000,148.19700,0.48%,586800
2014-06-09,179.04000,179.69000,178.87000,179.23000,148.34600,0.10%,461800
2014-06-10,179.03000,179.30000,178.66000,179.27000,148.38000,0.02%,959900
2014-06-11,178.64000,178.82000,178.25000,178.69000,147.90000,-0.32%,558100
2014-06-12,178.42000,178.52000,176.98000,177.36000,146.79900,-0.74%,891400
2014-06-13,177.73000,178.07000,177.17300,177.92000,147.26200,0.32%,731200
2014-06-16,177.69000,178.41000,177.50000,178.07000,147.38600,0.08%,756700
2014-06-17,177.83000,178.68000,177.63100,178.54000,147.77500,0.26%,2934400
2014-06-18,178.59000,179.97000,178.17000,179.87000,148.87600,0.74%,501900
2014-06-19,180.04000,180.21000,179.50500,180.09000,149.05800,0.12%,746900
2014-06-20,180.51000,180.57000,180.25000,180.45000,149.35600,0.20%,830300
2014-06-23,179.70000,179.73000,179.27000,179.56000,149.28900,-0.49%,737700
2014-06-24,179.29000,180.14000,178.31000,178.50000,148.40800,-0.59%,391700
2014-06-25,178.14000,179.49000,178.13000,179.26000,149.04000,0.43%,586000
2014-06-26,179.36000,179.38000,177.98000,179.17000,148.96500,-0.05%,676800
2014-06-27,178.79000,179.56000,178.69000,179.48000,149.22300,0.17%,1032300
2014-06-30,179.43000,179.82000,179.28000,179.43000,149.18100,-0.03%,1261200
2014-07-01,179.88000,181.19000,179.83000,180.69000,150.22900,0.70%,1199000
2014-07-02,180.67000,181.03000,180.57000,180.82000,150.33700,0.07%,511500
2014-07-03,181.31000,181.78000,181.20000,181.73000,151.09300,0.50%,327900
2014-07-07,181.38000,181.50000,180.84000,181.14000,150.60300,-0.32%,1151800
2014-07-08,180.77000,180.82000,179.50000,179.97000,149.63000,-0.65%,749400
2014-07-09,180.36000,180.88000,180.00000,180.72000,150.25400,0.42%,930300
2014-07-10,179.01000,180.47000,178.83600,180.03000,149.68000,-0.38%,614600
2014-07-11,179.94000,180.36000,179.51000,180.27000,149.88000,0.13%,520400
2014-07-14,181.20000,181.41000,181.02000,181.16000,150.61900,0.49%,493100
2014-07-15,181.25000,181.63000,180.06000,180.85000,150.36200,-0.17%,1207000
2014-07-16,181.65000,181.76000,181.01000,181.54000,150.93500,0.38%,539400
2014-07-17,180.96000,181.62000,179.19000,179.41000,149.16400,-1.17%,1103900
2014-07-18,180.02000,181.44000,179.94000,181.30000,150.73600,1.05%,571500
2014-07-21,180.71000,181.08000,180.13000,180.91000,150.41200,-0.22%,866000
2014-07-22,181.58000,182.04000,181.42000,181.72000,151.08500,0.45%,1509500
2014-07-23,182.00000,182.32000,181.64000,182.15000,151.44300,0.24%,750900
2014-07-24,182.36000,182.50000,181.97000,182.15000,151.44300,,535800
2014-07-25,181.65000,181.77000,180.94000,181.28000,150.71900,-0.48%,635700
2014-07-28,181.35000,181.60000,180.28000,181.36000,150.78600,0.04%,485700
2014-07-29,181.70000,181.89000,180.57000,180.59000,150.14600,-0.42%,639000
2014-07-30,181.22000,181.44000,179.86000,180.59000,150.14600,,1128500
2014-07-31,179.35000,179.49800,176.96000,176.96000,147.12800,-2.01%,2430500
2014-08-01,176.52000,177.62000,175.65000,176.53000,146.77000,-0.24%,3398000
2014-08-04,176.81000,178.11000,176.07000,177.77000,147.80100,0.70%,2212000
2014-08-05,177.04000,177.48000,175.40000,175.97000,146.30400,-1.01%,1251300
2014-08-06,175.20000,176.81800,175.18000,176.08000,146.39600,0.06%,1185800
2014-08-07,176.90000,177.04000,174.70000,175.13000,145.60600,-0.54%,1527100
2014-08-08,175.49000,177.27000,175.10000,177.16000,147.29400,1.16%,1209900
2014-08-11,177.87000,178.47000,177.61000,177.66000,147.71000,0.28%,1191200
2014-08-12,177.47000,177.98800,176.90000,177.45000,147.53500,-0.12%,513900
2014-08-13,178.15000,178.83000,177.87000,178.70000,148.57400,0.70%,781600
2014-08-14,178.92000,179.48000,178.77000,179.48000,149.22300,0.44%,842000
2014-08-15,180.15000,180.30000,178.18000,179.43000,149.18100,-0.03%,1694300
2014-08-18,180.46000,181.03000,180.34000,180.92000,150.42000,0.83%,1039100
2014-08-19,181.40000,182.03100,181.23000,181.88000,151.21800,0.53%,583000
2014-08-20,181.66000,182.61000,181.65000,182.38000,151.63400,0.27%,1507800
2014-08-21,182.58000,183.17000,182.42100,182.90000,152.06600,0.29%,756600
2014-08-22,182.80000,183.08700,182.24000,182.61000,151.82500,-0.16%,656500
2014-08-25,183.54000,183.85500,183.27400,183.56000,152.61500,0.52%,1097200
2014-08-26,183.72000,184.17000,183.65000,183.71000,152.74000,0.08%,749500
2014-08-27,183.81000,183.90000,183.34000,183.68000,152.71500,-0.02%,602600
2014-08-28,183.02000,183.62000,182.85000,183.54000,152.59800,-0.08%,447700
2014-08-29,183.83000,184.06000,183.23000,183.99000,152.97200,0.25%,617200
2014-09-02,184.30000,184.30000,183.26900,183.94000,152.93100,-0.03%,553800
2014-09-03,184.65000,184.68000,183.59000,183.86000,152.86400,-0.04%,627600
2014-09-04,184.12000,184.82000,183.10000,183.56000,152.61500,-0.16%,536700
2014-09-05,183.53000,184.47000,182.88000,184.44000,153.34700,0.48%,502300
2014-09-08,184.24000,184.46000,183.40000,183.97000,152.95600,-0.25%,635900
2014-09-09,183.79000,183.88000,182.41000,182.78000,151.96600,-0.65%,515300
2014-09-10,182.89000,183.55000,182.27000,183.50000,152.56500,0.39%,849800
2014-09-11,182.75000,183.69500,182.61000,183.67000,152.70600,0.09%,525700
2014-09-12,183.49000,183.51000,182.07500,182.58000,151.80000,-0.59%,724000
2014-09-15,182.64000,182.74000,181.89000,182.46000,151.70000,-0.07%,1021700
2014-09-16,182.11000,184.12000,182.00000,183.82000,152.83100,0.75%,565100
2014-09-17,184.11000,184.92000,183.20000,184.08000,153.04700,0.14%,975000
2014-09-18,184.65000,185.06000,184.43000,185.04000,153.84500,0.52%,740000
2014-09-19,185.64000,185.84000,184.58000,184.86000,153.69600,-0.10%,964000
2014-09-22,183.70000,183.74000,182.23000,182.56000,152.51200,-1.24%,836700
2014-09-23,181.95000,182.70000,181.51000,181.53000,151.65100,-0.56%,751855
2014-09-24,181.62000,183.07000,181.12000,182.99000,152.87100,0.80%,968285
2014-09-25,182.50000,182.52000,179.99000,180.05000,150.41500,-1.61%,1602349
2014-09-26,180.36000,181.88000,180.13000,181.50000,151.62600,0.81%,916883
2014-09-29,179.93000,181.45000,179.77000,181.14000,151.32500,-0.20%,1482872
2014-09-30,181.30000,181.81000,180.29000,180.59000,150.86600,-0.30%,768165
2014-10-01,180.34000,180.42000,177.81000,178.22000,148.88600,-1.31%,2380285
2014-10-02,178.05000,178.83000,176.40000,178.21000,148.87800,-0.01%,1263791
2014-10-03,179.48000,180.55000,178.88000,180.20000,150.54000,1.12%,1217407
2014-10-06,180.94000,181.18100,179.36000,179.98000,150.35600,-0.12%,1306964
2014-10-07,179.05000,179.45000,177.20000,177.22000,148.05100,-1.53%,930808
2014-10-08,177.33000,180.54000,176.38000,180.32000,150.64000,1.75%,1897514
2014-10-09,180.00000,180.22000,176.60000,176.68000,147.60000,-2.02%,1428559
2014-10-10,176.65000,177.55000,174.66000,174.70000,145.94500,-1.12%,2469901
2014-10-13,174.63000,175.25000,171.73000,171.83000,143.54800,-1.64%,2109202
2014-10-14,172.73000,174.02000,171.50000,172.11000,143.78200,0.16%,2431931
2014-10-15,169.80000,171.30000,166.85000,170.83000,142.71200,-0.74%,5460588
2014-10-16,167.81500,171.95000,167.68000,170.72000,142.62100,-0.06%,4452628
2014-10-17,172.73000,173.97500,172.04000,172.83000,144.38300,1.24%,2259443
2014-10-20,172.53000,174.60000,172.45000,174.53000,145.80300,0.98%,1381184
2014-10-21,175.78000,178.04000,175.59000,177.92000,148.63500,1.94%,2884230
2014-10-22,178.29000,178.72000,176.61000,176.71000,147.62500,-0.68%,2374233
2014-10-23,178.45000,179.85000,178.17000,178.74000,149.32100,1.15%,1812424
2014-10-24,179.03000,180.17000,178.36000,180.08000,150.44000,0.75%,1152580
2014-10-27,179.51000,180.13000,178.87000,179.85000,150.24800,-0.13%,1476011
2014-10-28,180.49000,181.94000,180.40000,181.92000,151.97700,1.15%,1330188
2014-10-29,182.03000,182.58000,180.47000,181.71000,151.80200,-0.12%,1600689
2014-10-30,181.17000,183.33000,181.05000,182.86000,152.76200,0.63%,1588852
2014-10-31,185.02000,185.05000,184.10000,184.93000,154.49200,1.13%,1946054
2014-11-03,185.20000,185.62000,184.60000,185.04000,154.58400,0.06%,2269991
2014-11-04,184.56000,184.85000,183.45000,184.38000,154.03200,-0.36%,1639426
2014-11-05,185.74000,185.78000,184.74000,185.59000,155.04300,0.66%,1826531
2014-11-06,185.57000,186.38000,184.90000,186.34000,155.67000,0.40%,1758588
2014-11-07,186.34000,186.68000,185.80000,186.50000,155.80300,0.09%,1396431
2014-11-10,186.48000,187.10100,186.27000,187.06000,156.27100,0.30%,1876280
2014-11-11,187.14000,187.34000,186.78000,187.24000,156.42100,0.10%,1031615
2014-11-12,186.49000,187.28000,186.46000,187.09000,156.29600,-0.08%,2742896
2014-11-13,187.24000,187.84000,186.38000,187.26000,156.43800,0.09%,1163579
2014-11-14,187.20000,187.53000,186.85000,187.33000,156.49700,0.04%,1464547
2014-11-17,186.93000,187.59000,186.76000,187.43000,156.58000,0.05%,584606
2014-11-18,187.48000,188.82000,187.48000,188.51000,157.48200,0.58%,1252557
2014-11-19,188.25000,188.48000,187.37000,188.17000,157.19800,-0.18%,1880665
2014-11-20,187.29000,188.64200,187.29000,188.51000,157.48200,0.18%,866774
2014-11-21,190.43000,190.48000,188.95000,189.57000,158.36800,0.56%,1586228
2014-11-24,190.02000,190.21000,189.77000,190.06000,158.77700,0.26%,1365938
2014-11-25,190.34000,190.56000,189.66000,190.00000,158.72700,-0.03%,1736748
2014-11-26,190.10000,190.52000,189.88000,190.44000,159.09500,0.23%,824409
2014-11-28,190.30000,190.63000,189.75700,190.03000,158.75200,-0.22%,430233
2014-12-01,189.29000,189.39000,188.36000,188.73000,157.66600,-0.68%,2083641
2014-12-02,188.71000,190.13000,188.71000,189.92000,158.66000,0.63%,1446793
2014-12-03,190.10000,190.88000,189.97000,190.65000,159.27000,0.38%,2240110
2014-12-04,190.35000,190.99000,189.57000,190.46000,159.11100,-0.10%,1573043
2014-12-05,190.65000,191.18700,190.35000,190.80000,159.39600,0.18%,2215881
2014-12-08,190.35000,190.83000,188.85000,189.50000,158.30900,-0.68%,1527759
2014-12-09,187.43000,189.47000,186.98000,189.35000,158.18400,-0.08%,1762968
2014-12-10,188.86000,188.86300,186.10000,186.38000,155.70300,-1.57%,1749798
2014-12-11,186.98000,189.06800,186.81000,187.25000,156.43000,0.47%,1972642
2014-12-12,186.00000,186.90000,184.17000,184.21000,153.89000,-1.62%,2614340
2014-12-15,185.26000,185.72000,182.27000,182.93000,152.82100,-0.69%,2801386
2014-12-16,182.10000,185.54000,181.44000,181.52000,151.64300,-0.77%,3837392
2014-12-17,181.97000,185.55000,181.84000,185.18000,154.70100,2.02%,5588623
2014-12-18,186.74000,188.58000,185.99700,188.55000,158.37300,1.82%,3820202
2014-12-19,189.29000,190.12700,188.59000,189.42000,159.10400,0.46%,1800825
2014-12-22,189.57000,190.26000,189.34500,190.26000,159.80900,0.44%,3005770
2014-12-23,190.94000,190.97000,190.30000,190.55000,160.05300,0.15%,1926809
2014-12-24,190.81000,191.05000,190.50000,190.53000,160.03600,-0.01%,952729
2014-12-26,191.06000,191.51900,190.99100,191.15000,160.55700,0.33%,650339
2014-12-29,190.97000,191.63400,190.90000,191.42000,160.78400,0.14%,878645
2014-12-30,190.95000,191.09000,190.30000,190.38000,159.91000,-0.54%,3224483
2014-12-31,190.75000,190.91000,188.38000,188.40000,158.24700,-1.04%,1365995
2015-01-02,189.29000,189.72000,187.26000,188.40000,158.24700,,1864986
2015-01-05,187.26000,187.41000,184.66000,185.09000,155.46700,-1.76%,2734710
2015-01-06,185.37000,185.88000,182.35500,183.27000,153.93800,-0.98%,2245265
2015-01-07,184.73000,185.91000,184.23000,185.56000,155.86200,1.25%,2305552
2015-01-08,187.13000,189.05100,187.07000,188.82000,158.60000,1.76%,1740140
2015-01-09,189.30000,189.34000,186.65000,187.23000,157.26400,-0.84%,2525211
2015-01-12,187.46000,187.60000,185.19000,185.84000,156.09700,-0.74%,1847548
2015-01-13,187.22000,188.41000,183.90000,185.35000,155.68500,-0.26%,2158515
2015-01-14,183.10000,184.39900,182.11000,184.26000,154.77000,-0.59%,5216290
2015-01-15,184.88000,185.25000,182.40000,182.54000,153.32500,-0.93%,1940682
2015-01-16,182.31000,185.08000,182.08700,184.80000,155.22300,1.24%,1472796
2015-01-20,185.62000,185.90000,183.58000,185.26000,155.61000,0.25%,1637624
2015-01-21,184.77000,186.74000,184.30000,186.23000,156.42400,0.52%,1586504
2015-01-22,187.09000,189.15000,185.59700,189.08000,158.81800,1.53%,6074360
2015-01-23,188.72000,189.02000,187.79000,188.04000,157.94500,-0.55%,3109762
2015-01-26,187.79000,188.51000,186.93300,188.41000,158.25500,0.20%,2018019
2015-01-27,186.14000,187.18000,185.02000,185.94000,156.18100,-1.31%,1979085
2015-01-28,187.27000,187.32000,183.35000,183.49000,154.12300,-1.32%,2529352
2015-01-29,183.74000,185.53000,182.21000,185.27000,155.61800,0.97%,4338151
2015-01-30,183.96000,185.38000,182.63000,182.99000,153.70300,-1.23%,2302436
2015-02-02,183.50000,185.26000,181.47000,185.09000,155.46700,1.15%,3397819
2015-02-03,186.13000,187.86000,185.79000,187.79000,157.73500,1.46%,1435021
2015-02-04,187.03000,188.35000,186.65000,187.15000,157.19700,-0.34%,1861200
2015-02-05,187.89000,189.19000,187.85000,189.05000,158.79300,1.02%,1033759
2015-02-06,189.49000,190.05000,187.94000,188.52000,158.34800,-0.28%,1454683
2015-02-09,187.81000,188.59000,187.22000,187.66000,157.62500,-0.46%,2289295
2015-02-10,188.82000,189.93000,187.84600,189.66000,159.30500,1.07%,1798005
2015-02-11,189.51000,190.23000,188.78000,189.79000,159.41500,0.07%,1743893
2015-02-12,190.70000,191.65000,190.47000,191.55000,160.89300,0.93%,2008510
2015-02-13,191.72000,192.44000,191.46000,192.39000,161.59800,0.44%,1073112
2015-02-17,192.07000,192.88000,191.79000,192.70000,161.85900,0.16%,1700375
2015-02-18,192.28000,192.78000,192.00000,192.74000,161.89200,0.02%,1862895
2015-02-19,192.09000,192.97000,191.89000,192.61000,161.78300,-0.07%,1017560
2015-02-20,192.13000,193.82000,191.45000,193.78000,162.76600,0.61%,1373953
2015-02-23,193.49000,193.73000,193.03000,193.73000,162.72400,-0.03%,1497711
2015-02-24,193.69000,194.49000,193.43000,194.30000,163.20300,0.29%,1244211
2015-02-25,194.14000,194.65000,193.71000,194.09000,163.02600,-0.11%,1983556
2015-02-26,193.99000,194.15000,193.21000,193.87000,162.84200,-0.11%,994201
2015-02-27,193.77000,194.05000,193.19000,193.20000,162.27900,-0.35%,966523
2015-03-02,193.31000,194.47000,193.30000,194.47000,163.34600,0.66%,1016560
2015-03-03,193.96000,194.02100,192.69000,193.64000,162.64800,-0.43%,1388004
2015-03-04,193.00000,193.05000,191.73000,192.83000,161.96800,-0.42%,1497509
2015-03-05,193.15000,193.33000,192.48000,193.04000,162.14400,0.11%,1135838
2015-03-06,192.00000,192.55000,189.94000,190.31000,159.85100,-1.41%,1815633
2015-03-09,190.52000,191.47000,190.42000,191.12000,160.53200,0.43%,1132034
2015-03-10,189.57000,189.63200,187.97000,187.98000,157.89400,-1.64%,2390456
2015-03-11,188.26000,188.47000,187.47000,187.54000,157.52500,-0.23%,1857468
2015-03-12,188.21000,190.00000,188.20000,189.96000,159.55700,1.29%,2646859
2015-03-13,189.68000,189.79000,187.62000,188.80000,158.58300,-0.61%,1792236
2015-03-16,189.59000,191.38000,189.55000,191.38000,160.75000,1.37%,1054150
2015-03-17,190.48000,191.13000,189.83000,190.73000,160.20400,-0.34%,1460929
2015-03-18,190.17000,193.76000,189.49000,193.00000,162.11100,1.19%,2287408
2015-03-19,192.56000,192.85000,191.74500,192.11000,161.36300,-0.46%,1371972
2015-03-20,193.19000,194.39000,193.13000,193.85000,162.82500,0.91%,1350135
2015-03-23,192.85000,193.49000,192.49000,192.52000,162.53400,-0.69%,705570
2015-03-24,192.38000,192.85000,191.33000,191.40000,161.58900,-0.58%,1587665
2015-03-25,191.64000,191.87000,188.57000,188.61000,159.23300,-1.46%,1216708
2015-03-26,187.88000,189.15000,187.15000,188.14000,158.83600,-0.25%,1906214
2015-03-27,188.04000,188.77900,187.83000,188.53000,159.16600,0.21%,1836963
2015-03-30,189.75000,191.19000,189.72000,190.88000,161.15000,1.25%,1414582
2015-03-31,189.98000,191.78000,189.16600,189.20000,159.73100,-0.88%,2765151
2015-04-01,189.17000,189.17000,187.47000,188.59000,159.21600,-0.32%,3379895
2015-04-02,188.47000,189.69000,188.27000,189.15000,159.68900,0.30%,1803499
2015-04-06,188.23000,191.04000,188.09000,190.48000,160.81200,0.70%,1242464
2015-04-07,190.48000,191.33000,189.97000,189.97000,160.38100,-0.27%,1371349
2015-04-08,190.24000,191.06000,189.80500,190.66000,160.96400,0.36%,1412050
2015-04-09,190.45000,191.71000,189.96000,191.49000,161.66500,0.44%,794762
2015-04-10,191.74000,192.57000,191.54000,192.54000,162.55100,0.55%,1056763
2015-04-13,192.36000,193.04000,191.60000,191.67000,161.81600,-0.45%,1227788
2015-04-14,191.42000,192.22000,190.77000,192.02000,162.11200,0.18%,2647824
2015-04-15,192.54000,193.42000,192.45000,192.90000,162.85500,0.46%,934925
2015-04-16,192.55000,193.37000,192.30000,192.83000,162.79600,-0.04%,823270
2015-04-17,191.53000,191.77000,189.75000,190.59000,160.90500,-1.16%,2059232
2015-04-20,191.67000,192.70000,191.55000,192.33000,162.37400,0.91%,1430336
2015-04-21,193.11000,193.26000,191.80000,192.14000,162.21300,-0.10%,1089492
2015-04-22,192.49000,193.28000,191.50000,193.09000,163.01500,0.49%,1125360
2015-04-23,192.65000,194.26000,192.50000,193.59000,163.43700,0.26%,956275
2015-04-24,194.02000,194.29000,193.52000,193.98000,163.76700,0.20%,978254
2015-04-27,194.63000,194.74000,193.00000,193.21000,163.11700,-0.40%,898239
2015-04-28,193.17000,193.85000,191.94000,193.81000,163.62300,0.31%,1103795
2015-04-29,192.81000,193.66000,192.13600,193.02000,162.95600,-0.41%,1408897
2015-04-30,192.40000,192.80000,190.32000,191.10000,161.33500,-0.99%,2505712
2015-05-01,191.96000,193.18000,191.85000,193.10000,163.02400,1.05%,1921248
2015-05-04,193.64000,194.31000,193.50000,193.70000,163.53000,0.31%,1060020
2015-05-05,193.40000,193.80000,191.33000,191.44000,161.62200,-1.17%,1138325
2015-05-06,192.09000,192.39000,189.53000,190.67000,160.97200,-0.40%,1588079
2015-05-07,190.59000,191.90000,190.24000,191.44000,161.62200,0.40%,1320717
2015-05-08,193.30000,194.18000,193.23000,193.95000,163.74100,1.31%,1322903
2015-05-11,193.93000,194.20000,192.96000,193.02000,162.95600,-0.48%,1090083
2015-05-12,192.15000,193.07000,191.23000,192.46000,162.48300,-0.29%,1852662
2015-05-13,192.96000,193.61000,192.26000,192.52000,162.53400,0.03%,589009
2015-05-14,193.64000,194.60000,193.33000,194.53000,164.23100,1.04%,902299
2015-05-15,194.68000,194.87500,194.22000,194.73000,164.40000,0.10%,718961
2015-05-18,194.63000,195.62000,194.48000,195.33000,164.90600,0.31%,984487
2015-05-19,195.44000,195.77000,194.96000,195.23000,164.82200,-0.05%,980437
2015-05-20,195.37000,195.95000,194.80000,195.10000,164.71200,-0.07%,3401278
2015-05-21,195.05000,195.92500,194.83000,195.69000,165.21000,0.30%,756214
2015-05-22,195.31000,195.75000,195.18700,195.26000,164.84700,-0.22%,831588
2015-05-26,194.73000,194.77000,192.70000,193.16000,163.07400,-1.08%,1235326
2015-05-27,193.66000,195.24000,193.30000,194.94000,164.57700,0.92%,1420085
2015-05-28,194.66000,194.86700,194.00000,194.76000,164.42500,-0.09%,1114537
2015-05-29,194.67000,194.72000,193.25000,193.49000,163.35300,-0.65%,1530932
2015-06-01,194.23000,194.63500,193.09000,193.94000,163.73300,0.23%,1157378
2015-06-02,193.43000,194.50400,192.75000,193.74000,163.56400,-0.10%,1094354
2015-06-03,194.31000,194.93000,193.74000,194.27000,164.01200,0.27%,1213846
2015-06-04,193.52000,194.13000,192.28000,192.69000,162.67800,-0.81%,1383350
2015-06-05,192.48000,193.02000,191.58000,192.30000,162.34800,-0.20%,1567766
2015-06-08,192.17000,192.31900,191.02000,191.11000,161.34400,-0.62%,1130127
2015-06-09,191.10000,191.65000,190.37000,191.06000,161.30200,-0.03%,1466057
2015-06-10,191.96000,193.78000,191.88000,193.33000,163.21800,1.19%,1247688
2015-06-11,193.95000,194.37000,193.63000,193.93000,163.72400,0.31%,724695
2015-06-12,193.01000,193.22000,192.21000,192.51000,162.52600,-0.73%,2147740
2015-06-15,191.22000,191.97000,190.47000,191.62000,161.77400,-0.46%,1392599
2015-06-16,191.50000,192.81000,191.34000,192.74000,162.72000,0.58%,819781
2015-06-17,193.06000,193.69000,191.95000,193.07000,162.99800,0.17%,1170581
2015-06-18,193.61000,195.53000,193.60000,194.98000,164.61100,0.99%,1041566
2015-06-19,194.80000,194.85000,193.85000,193.85000,163.65700,-0.58%,691383
2015-06-22,194.37000,194.92000,194.05000,194.27000,164.77300,0.22%,1027028
2015-06-23,194.48000,194.76000,194.00000,194.41000,164.89200,0.07%,1727228
2015-06-24,194.18000,194.52000,192.99000,193.02000,163.71300,-0.71%,2160351
2015-06-25,193.51000,193.69000,192.36000,192.42000,163.20400,-0.31%,2287598
2015-06-26,192.82000,193.07000,191.79900,192.42000,163.20400,,1631894
2015-06-29,190.78000,191.43000,188.26000,188.35000,159.75200,-2.12%,2746727
2015-06-30,190.18000,190.18000,188.24000,188.84000,160.16800,0.26%,2679412
2015-07-01,190.65000,190.75000,189.45000,190.27000,161.38000,0.76%,2782276
2015-07-02,190.85000,191.00000,189.68000,190.13000,161.26200,-0.07%,3087103
2015-07-06,188.72000,190.40000,188.48000,189.58000,160.79500,-0.29%,1741085
2015-07-07,189.86000,190.90000,187.19000,190.75000,161.78800,0.62%,3507458
2015-07-08,189.36000,189.59000,187.31000,187.51000,159.03900,-1.70%,1874025
2015-07-09,189.90000,190.12900,187.83000,187.85000,159.32800,0.18%,2224904
2015-07-10,190.18000,190.71000,189.35000,190.24000,161.35500,1.27%,1647655
2015-07-13,191.59000,192.48000,191.58000,192.37000,163.16200,1.12%,1026106
2015-07-14,192.37000,193.53000,192.27100,193.22000,163.88200,0.44%,1128915
2015-07-15,193.29000,193.73000,192.62000,193.14000,163.81500,-0.04%,1174758
2015-07-16,194.31000,194.67000,194.05100,194.62000,165.07000,0.77%,949541
2015-07-17,194.68000,194.92000,194.24000,194.85000,165.26500,0.12%,871193
2015-07-20,195.09000,195.46000,194.60000,194.94000,165.34100,0.05%,1103313
2015-07-21,194.82000,195.05000,193.86000,194.17000,164.68800,-0.39%,772382
2015-07-22,193.38000,194.16000,193.38000,193.79000,164.36600,-0.20%,1193774
2015-07-23,194.00000,194.03000,192.34000,192.68000,163.42400,-0.57%,899270
2015-07-24,192.86000,192.89000,190.36000,190.67000,161.72000,-1.04%,1589133
2015-07-27,189.78000,190.31600,189.15000,189.59000,160.80400,-0.57%,1745618
2015-07-28,190.59000,192.10000,189.63000,191.89000,162.75400,1.21%,931309
2015-07-29,192.07000,193.50000,191.91000,193.25000,163.90800,0.71%,2471249
2015-07-30,192.77000,193.48000,192.02000,193.28000,163.93300,0.02%,924412
2015-07-31,193.92000,193.92000,192.70900,192.95000,163.65300,-0.17%,1437242
2015-08-03,193.00000,193.01000,191.33000,192.35000,163.14500,-0.31%,3080628
2015-08-04,192.35000,192.76000,191.45800,191.97000,162.82200,-0.20%,1601667
2015-08-05,193.04000,193.75000,192.31000,192.64000,163.39100,0.35%,1369652
2015-08-06,192.77000,192.93000,190.39000,191.17000,162.14400,-0.76%,1321232
2015-08-07,190.88000,190.98500,189.69000,190.67000,161.72000,-0.26%,1854050
2015-08-10,191.90000,193.15000,191.90000,193.09000,163.77200,1.27%,1346730
2015-08-11,191.64000,192.04000,190.50000,191.32000,162.27100,-0.92%,4996337
2015-08-12,189.88000,191.76000,188.30000,191.49000,162.41500,0.09%,3758708
2015-08-13,191.42000,192.12000,190.77000,191.28000,162.23700,-0.11%,1155942
2015-08-14,191.12000,192.08000,190.98000,192.02000,162.86500,0.39%,742451
2015-08-17,191.42000,193.09000,190.86000,193.09000,163.77200,0.56%,1926335
2015-08-18,192.84000,193.16000,192.28000,192.50000,163.27200,-0.31%,1023806
2015-08-19,191.78000,192.55000,190.12000,190.98000,161.98300,-0.79%,1771931
2015-08-20,189.36000,189.92700,186.95000,186.97000,158.58100,-2.10%,4195688
2015-08-21,185.08000,186.03000,181.04000,181.04000,153.55200,-3.17%,6145915
2015-08-24,172.00000,179.54000,168.08000,173.66000,147.29200,-4.08%,12324897
2015-08-25,179.16000,179.80000,171.37000,171.55000,145.50300,-1.22%,8129450
2015-08-26,176.23000,178.51000,172.68000,178.36000,151.27900,3.97%,7085026
2015-08-27,180.80000,182.80000,178.94200,182.72000,154.97700,2.44%,7168412
2015-08-28,181.97000,183.19000,181.43000,182.72000,154.97700,,2944966
2015-08-31,181.68000,182.54000,180.60000,181.11000,153.61100,-0.88%,1921789
2015-09-01,177.11000,178.50000,174.83000,175.58000,148.92100,-3.05%,8531696
2015-09-02,178.48000,179.13000,176.40000,179.12000,151.92300,2.02%,2424009
2015-09-03,179.96000,181.54000,178.71000,179.27000,152.05100,0.08%,2420172
2015-09-04,176.88000,177.69000,175.64000,176.49000,149.69300,-1.55%,2317653
2015-09-08,179.67000,181.15000,178.92000,181.01000,153.52600,2.56%,2247956
2015-09-09,182.80000,182.85000,178.17000,178.57000,151.45700,-1.35%,2125549
2015-09-10,178.25000,180.78000,178.06600,179.57000,152.30500,0.56%,1774435
2015-09-11,179.09000,180.42000,178.33000,180.32000,152.94100,0.42%,2184960
2015-09-14,180.58000,180.58000,179.18000,179.64000,152.36400,-0.38%,905324
2015-09-15,180.22000,182.42000,179.77000,181.98000,154.34900,1.30%,1641534
2015-09-16,182.34000,183.72000,181.91000,183.57000,155.69800,0.87%,2098874
2015-09-17,183.40000,185.99000,182.74000,183.09000,155.29100,-0.26%,3106238
2015-09-18,180.41000,182.04000,179.69000,180.13000,152.78000,-1.62%,3205186
2015-09-21,180.15000,181.20000,178.94000,180.10000,153.56300,-0.02%,1467587
2015-09-22,177.80000,178.24900,176.54000,177.75000,151.55900,-1.30%,2469477
2015-09-23,177.99000,178.45000,176.85000,177.43000,151.28600,-0.18%,1670250
2015-09-24,176.05000,177.31000,174.69000,176.88000,150.81700,-0.31%,2561648
2015-09-25,178.48000,178.71000,175.83000,176.76000,150.71500,-0.07%,3436258
2015-09-28,175.86000,175.87000,172.02000,172.31000,146.92100,-2.52%,3651548
2015-09-29,172.67000,173.92000,171.36000,172.40000,146.99700,0.05%,3219419
2015-09-30,174.56000,175.84000,173.67000,175.71000,149.82000,1.92%,3877015
2015-10-01,175.97000,176.43000,174.00000,176.20000,150.23700,0.28%,3948423
2015-10-02,174.00000,178.75000,173.35000,178.75000,152.41200,1.45%,2307155
2015-10-05,180.14000,182.18000,180.00000,181.96000,155.14900,1.80%,2049140
2015-10-06,181.88000,182.40800,180.59000,181.35000,154.62900,-0.34%,1325351
2015-10-07,182.40000,183.19000,181.05000,182.87000,155.92500,0.84%,1693811
2015-10-08,182.44000,184.78000,182.08000,184.48000,157.29700,0.88%,3109551
2015-10-09,184.66000,185.08000,183.91000,184.58000,157.38300,0.05%,1651038
2015-10-12,184.68000,184.93000,184.18000,184.80000,157.57000,0.12%,885090
2015-10-13,183.98000,185.31000,183.39000,183.57000,156.52200,-0.67%,1022349
2015-10-14,183.45000,184.13000,182.39000,182.71000,155.78800,-0.47%,1184012
2015-10-15,183.40000,185.49400,183.02000,185.45000,158.12500,1.50%,2523136
2015-10-16,185.92000,186.34000,185.12400,186.20000,158.76400,0.40%,1241247
2015-10-19,185.66000,186.43000,185.31000,186.42000,158.95200,0.12%,768898
2015-10-20,186.02000,186.87000,185.70000,186.18000,158.74700,-0.13%,1151189
2015-10-21,186.79000,186.81000,184.86000,184.97000,157.71500,-0.65%,1556881
2015-10-22,186.02000,188.38300,185.97000,188.17000,160.44400,1.73%,1498293
2015-10-23,190.00000,190.63000,189.14000,190.22000,162.19200,1.09%,1624331
2015-10-26,190.11000,190.12000,189.39000,189.77000,161.80800,-0.24%,1150453
2015-10-27,189.08000,189.75800,188.65000,189.40000,161.49300,-0.19%,1442405
2015-10-28,189.84000,191.60000,189.06000,191.60000,163.36800,1.16%,2251897
2015-10-29,191.04000,191.85400,190.89000,191.53000,163.30900,-0.04%,1779006
2015-10-30,191.82000,192.00000,190.56000,190.56000,162.48200,-0.51%,2011559
2015-11-02,190.98000,193.09000,190.85000,192.82000,164.40900,1.19%,2403261
2015-11-03,192.54000,194.06000,192.28000,193.43000,164.92900,0.32%,3920095
2015-11-04,193.77000,193.90000,192.27700,192.88000,164.46000,-0.28%,1786682
2015-11-05,192.99000,193.43700,191.71000,192.64000,164.25500,-0.12%,2185114
2015-11-06,192.26000,192.83000,191.11800,192.56000,164.18700,-0.04%,2172599
2015-11-09,191.89000,192.01000,189.75000,190.76000,162.65200,-0.93%,2127809
2015-11-10,190.26000,191.25000,189.91000,191.12000,162.95900,0.19%,1257460
2015-11-11,191.48000,191.55000,190.39000,190.39000,162.33700,-0.38%,1114737
2015-11-12,189.36000,189.81000,187.78000,187.84000,160.16200,-1.34%,2454682
2015-11-13,187.35000,187.62000,185.58000,185.67000,158.31200,-1.16%,3223960
2015-11-16,185.50000,188.55000,185.36000,188.52000,160.74200,1.53%,1687079
2015-11-17,188.86000,189.79000,187.83400,188.29000,160.54600,-0.12%,1879921
2015-11-18,188.91000,191.51000,188.89000,191.32000,163.13000,1.61%,2858620
2015-11-19,191.30000,191.68000,190.90000,191.22000,163.04400,-0.05%,2155036
2015-11-20,192.01000,192.66000,191.50000,191.93000,163.65000,0.37%,1317636
2015-11-23,191.89000,192.53800,191.20000,191.71000,163.46200,-0.11%,1308110
2015-11-24,190.63000,192.38000,190.18000,192.02000,163.72600,0.16%,1571991
2015-11-25,192.15000,192.31000,191.67000,191.96000,163.67500,-0.03%,758701
2015-11-27,192.08000,192.38000,191.50000,192.15000,163.83700,0.10%,894462
2015-11-30,192.45000,192.47000,191.24000,191.37000,163.17200,-0.41%,1550956
2015-12-01,192.05000,193.30000,191.78000,193.22000,164.75000,0.97%,1812918
2015-12-02,193.18000,193.44600,190.92000,191.18000,163.01000,-1.06%,1999841
2015-12-03,191.56000,191.75000,187.73000,188.46000,160.69100,-1.42%,2724471
2015-12-04,188.99000,192.52000,188.84000,192.16000,163.84600,1.96%,2900787
2015-12-07,191.88000,191.88000,189.98000,190.95000,162.81400,-0.63%,1752945
2015-12-08,189.25000,190.72000,188.67000,189.73000,161.77400,-0.64%,1721657
2015-12-09,189.12000,191.32000,187.20000,188.31000,160.56300,-0.75%,4500277
2015-12-10,188.50000,190.18000,188.10000,188.74000,160.93000,0.23%,4083791
2015-12-11,186.44000,187.15000,184.75000,184.98000,157.72400,-1.99%,3084261
2015-12-14,185.32000,186.09000,183.31000,186.09000,158.67000,0.60%,2719993
2015-12-15,187.75000,188.96000,187.53000,188.03000,160.32400,1.04%,3799323
2015-12-16,189.28000,191.08000,187.70000,190.67000,162.57500,1.40%,6361660
2015-12-17,191.14000,191.16000,187.82000,187.89000,160.20500,-1.46%,3096008
2015-12-18,186.95000,187.08000,184.40000,184.40000,157.22900,-1.86%,4531400
2015-12-21,184.74000,185.07000,183.47000,184.93000,158.61200,0.29%,2168689
2015-12-22,185.85000,186.89000,184.80000,186.60000,160.04500,0.90%,2423276
2015-12-23,187.75000,188.94000,187.57000,188.84000,161.96600,1.20%,2275458
2015-12-24,188.69000,189.17000,188.34000,188.51000,161.68300,-0.17%,1171195
2015-12-28,187.85000,188.18000,187.00000,188.10000,161.33100,-0.22%,2668300
2015-12-29,189.43000,190.51000,189.34000,190.20000,163.13200,1.12%,1757106
2015-12-30,189.97000,189.98600,188.67000,188.80000,161.93200,-0.74%,2535957
2015-12-31,188.12000,188.76000,186.93000,186.93000,160.32800,-0.99%,2395233
2016-01-04,183.77000,184.32000,182.08000,184.31000,158.08000,-1.40%,4193516
2016-01-05,184.57000,185.11500,183.43000,184.64000,158.36400,0.18%,2882479
2016-01-06,181.93000,183.38000,181.19000,182.30000,156.35700,-1.27%,2755089
2016-01-07,179.15000,181.00000,177.50000,177.86000,152.54800,-2.44%,4951853
2016-01-08,178.96500,179.53000,175.65000,175.97000,150.92700,-1.06%,7357174
2016-01-11,177.04000,177.32000,174.06000,175.99000,150.94500,0.01%,4481249
2016-01-12,177.75000,178.36000,175.26000,177.45000,152.19700,0.83%,2997949
2016-01-13,178.43000,178.64000,172.72000,173.11000,148.47400,-2.45%,4125701
2016-01-14,173.79000,177.18000,172.06000,175.92000,150.88400,1.62%,5081427
2016-01-15,171.20000,173.05900,170.10000,172.15000,147.65100,-2.14%,8087103
2016-01-19,174.20000,174.29000,170.72000,172.34000,147.81400,0.11%,5863305
2016-01-20,169.59000,171.88000,165.96000,170.32000,146.08100,-1.17%,8576978
2016-01-21,170.79000,173.14000,169.33000,171.15000,146.79300,0.49%,3003560
2016-01-22,174.03000,174.86000,173.18000,174.66000,149.80400,2.05%,2609854
2016-01-25,174.10000,174.33000,171.82800,172.07000,147.58200,-1.48%,2756649
2016-01-26,172.85000,174.66000,172.39000,174.40000,149.58100,1.35%,2263679
2016-01-27,173.89000,175.62000,171.50100,172.42000,147.88300,-1.14%,3542994
2016-01-28,174.13000,174.35200,171.65000,173.36000,148.68900,0.55%,2616706
2016-01-29,174.34000,177.75000,174.08000,177.75000,152.45400,2.53%,4453063
2016-02-01,176.61000,178.39000,175.91000,177.59000,152.31700,-0.09%,3920853
2016-02-02,175.86000,176.09000,173.80000,174.37000,149.55500,-1.81%,5101178
2016-02-03,175.47000,175.81000,171.57000,175.39000,150.43000,0.58%,3871039
2016-02-04,174.95000,176.70000,174.23000,175.61000,150.61900,0.13%,3562207
2016-02-05,175.04000,175.19000,171.65000,172.31000,147.78800,-1.88%,2371990
2016-02-08,170.29000,170.62000,167.62000,169.94000,145.75600,-1.38%,3402016
2016-02-09,168.18000,171.37000,167.97000,169.99000,145.79800,0.03%,2360700
2016-02-10,170.93000,172.65000,169.72000,169.88000,145.70400,-0.06%,1953205
2016-02-11,167.26000,168.72000,166.05000,167.70000,143.83400,-1.28%,3439175
2016-02-12,169.54000,171.14000,168.70000,171.14000,146.78500,2.05%,1800434
2016-02-16,173.20000,174.01000,172.05000,174.01000,149.24600,1.68%,2360977
2016-02-17,175.32000,177.25000,175.12500,176.86000,151.69100,1.64%,2265249
2016-02-18,177.20000,177.22000,175.80000,176.11000,151.04700,-0.42%,1646148
2016-02-19,175.28000,176.20000,174.65000,176.07000,151.01300,-0.02%,1136909
2016-02-22,177.78000,178.75000,177.71000,178.59000,153.17500,1.43%,2603066
2016-02-23,177.92000,178.19000,176.22000,176.35000,151.25300,-1.25%,2076005
2016-02-24,174.79000,177.45000,173.60000,177.18000,151.96500,0.47%,2599814
2016-02-25,177.70000,179.31000,176.83000,179.31000,153.79200,1.20%,2546042
2016-02-26,180.20000,180.36000,178.74000,178.98000,153.50900,-0.18%,2560772
2016-02-29,178.94000,179.95000,177.38000,177.38000,152.13700,-0.89%,3125830
2016-03-01,178.84000,181.75000,178.33000,181.75000,155.88500,2.46%,3041355
2016-03-02,181.36000,182.54000,180.90800,182.52000,156.54500,0.42%,3839431
2016-03-03,182.27000,183.23000,181.70000,183.19000,157.12000,0.37%,3151213
2016-03-04,183.45000,184.66000,182.55000,183.78000,157.62600,0.32%,2820858
2016-03-07,182.85000,184.38900,182.75000,183.98000,157.79700,0.11%,3449325
2016-03-08,182.83000,183.33000,181.78000,181.91000,156.02200,-1.13%,3384371
2016-03-09,182.85000,183.22000,182.01000,182.91000,156.88000,0.55%,1641629
2016-03-10,183.38000,184.39000,181.03000,183.01000,156.96500,0.05%,2090526
2016-03-11,184.57000,186.01000,184.46000,185.98000,159.51300,1.62%,2231094
2016-03-14,185.40000,186.20000,185.07000,185.70000,159.27300,-0.15%,1412806
2016-03-15,184.70000,185.46000,184.42000,185.46000,159.06700,-0.13%,1325307
2016-03-16,184.88000,186.93000,184.86000,186.57000,160.01900,0.60%,2700754
2016-03-17,186.42000,188.23500,186.00000,187.75000,161.03100,0.63%,1937606
2016-03-18,188.35000,188.79000,187.91000,188.45000,161.63100,0.37%,2623349
2016-03-21,187.18000,187.94000,186.91000,187.73000,161.87700,-0.38%,1535429
2016-03-22,186.89000,188.21000,186.71000,187.63000,161.79000,-0.05%,1521631
2016-03-23,187.18000,187.36000,186.18000,186.43000,160.75600,-0.64%,1633330
2016-03-24,185.25000,186.32000,185.01000,186.30000,160.64400,-0.07%,1874837
2016-03-28,186.76000,186.94000,185.92000,186.43000,160.75600,0.07%,1271292
2016-03-29,185.99000,188.22000,185.63000,188.22000,162.29900,0.96%,1604863
2016-03-30,189.17000,189.72000,188.58000,189.01000,162.98000,0.42%,1907700
2016-03-31,188.85000,189.29000,188.32000,188.56000,162.59200,-0.24%,3007818
2016-04-01,187.40000,189.96000,187.10000,189.77000,163.63600,0.64%,2971762
2016-04-04,189.74000,189.90000,188.83000,189.17000,163.11800,-0.32%,1259504
2016-04-05,187.74000,188.21000,187.00000,187.25000,161.46300,-1.01%,1737546
2016-04-06,187.39000,189.38000,187.09000,189.29000,163.22200,1.09%,1860788
2016-04-07,188.17000,188.50000,186.26000,187.06000,161.29900,-1.18%,2634939
2016-04-08,188.31000,188.77400,186.99000,187.57000,161.73900,0.27%,2043818
2016-04-11,188.26000,188.99000,187.03000,187.08000,161.31600,-0.26%,1354533
2016-04-12,187.29000,189.18000,186.83000,188.90000,162.88500,0.97%,1591103
2016-04-13,189.88000,190.85000,189.71000,190.79000,164.51500,1.00%,1971852
2016-04-14,190.84000,191.31000,190.41000,190.77000,164.49800,-0.01%,3214859
2016-04-15,190.80000,190.85000,190.22000,190.56000,164.31700,-0.11%,2059711
2016-04-18,189.99000,191.94000,189.85000,191.94000,165.50700,0.72%,2345283
2016-04-19,192.36000,192.78000,191.64000,192.52000,166.00700,0.30%,1633309
2016-04-20,192.60000,193.43000,192.05000,192.68000,166.14500,0.08%,1636809
2016-04-21,192.70000,192.82000,191.37000,191.61000,165.22200,-0.56%,1814195
2016-04-22,191.30000,191.94000,190.69000,191.66000,165.26500,0.03%,1863871
2016-04-25,191.07000,191.36000,190.35000,191.35000,164.99800,-0.16%,2367987
2016-04-26,191.72000,192.16000,191.14000,191.63000,165.24000,0.15%,1714756
2016-04-27,191.21000,192.44000,190.80000,192.03000,165.58400,0.21%,1971845
2016-04-28,191.22000,192.40000,189.85000,190.30000,164.09300,-0.90%,1577482
2016-04-29,189.62000,189.97500,188.05000,189.22000,163.16100,-0.57%,2785562
2016-05-02,189.81000,190.95000,189.34000,190.73000,164.46300,0.80%,1638888
2016-05-03,189.44000,189.66000,188.28000,189.10000,163.05800,-0.85%,2351937
2016-05-04,187.99000,188.78000,187.47000,187.99000,162.10100,-0.59%,2079084
2016-05-05,188.57000,188.90000,187.57100,187.97000,162.08400,-0.01%,1610532
2016-05-06,187.21000,188.72000,187.00000,188.65000,162.67000,0.36%,1551415
2016-05-09,188.55000,189.27000,188.36000,188.85000,162.84200,0.11%,1557541
2016-05-10,189.61000,191.21000,189.54000,191.19000,164.86000,1.24%,1021067
2016-05-11,190.71000,191.07000,189.39000,189.40000,163.31700,-0.94%,2724909
2016-05-12,190.14000,190.28900,188.36000,189.51000,163.41100,0.06%,1783364
2016-05-13,189.10000,189.71000,187.46000,187.76000,161.90200,-0.92%,1658717
2016-05-16,187.98000,190.16000,187.93000,189.63000,163.51500,1.00%,1075169
2016-05-17,189.35000,189.65000,187.33000,187.96000,162.07500,-0.88%,3322895
2016-05-18,187.50000,189.20000,186.77800,187.93000,162.04900,-0.02%,1941954
2016-05-19,187.15000,187.59000,185.97000,187.32000,161.52300,-0.32%,1795981
2016-05-20,187.97000,189.05000,187.90000,188.49000,162.53200,0.62%,1588695
2016-05-23,188.48000,188.78000,188.02000,188.24000,162.31600,-0.13%,1415351
2016-05-24,189.13000,191.01000,189.08000,190.63000,164.37700,1.27%,1985569
2016-05-25,191.38000,192.42000,191.36000,191.93000,165.49800,0.68%,2006658
2016-05-26,192.14000,192.36000,191.68000,192.02000,165.57600,0.05%,1225286
2016-05-27,192.19000,192.83000,192.16000,192.77000,166.22300,0.39%,988554
2016-05-31,193.16000,193.27000,191.88000,192.54000,166.02400,-0.12%,2819618
2016-06-01,191.88000,193.06000,191.63000,192.90000,166.33500,0.19%,2374373
2016-06-02,192.45000,193.48000,191.92000,193.48000,166.83500,0.30%,1601670
2016-06-03,192.85000,193.26000,191.59000,192.92000,166.35200,-0.29%,1897245
2016-06-06,193.29000,194.24000,193.12000,193.85000,167.15400,0.48%,1177575
2016-06-07,194.05000,194.78000,194.01500,194.20000,167.45600,0.18%,1551220
2016-06-08,194.34000,194.95000,194.21000,194.84000,168.00700,0.33%,1041126
2016-06-09,194.02000,194.69000,193.75000,194.54000,167.74900,-0.15%,1521582
2016-06-10,193.07000,193.43000,192.11700,192.67000,166.13600,-0.96%,1932902
2016-06-13,192.03000,192.97000,191.12000,191.22000,164.88600,-0.75%,2317569
2016-06-14,190.83000,191.45000,189.80000,190.80000,164.52400,-0.22%,2051157
2016-06-15,191.26000,191.96000,190.36000,190.52000,164.28200,-0.15%,1590761
2016-06-16,189.60000,191.33000,188.57000,191.14000,164.81700,0.33%,2744398
2016-06-17,191.10000,191.10000,189.73000,190.43000,164.20500,-0.37%,1700955
2016-06-20,192.56000,193.26000,191.56400,191.65000,165.25700,0.64%,1192781
2016-06-21,191.15000,191.65000,190.65000,191.24000,165.72500,-0.21%,1824423
2016-06-22,191.45000,192.21000,190.77500,190.92000,165.44800,-0.17%,2244774
2016-06-23,192.52000,193.44000,192.00000,193.39000,167.58800,1.29%,2579671
2016-06-24,187.00000,189.82000,186.00000,186.56000,161.66900,-3.53%,10310291
2016-06-27,185.06000,185.06000,182.27000,183.05000,158.62800,-1.88%,7720460
2016-06-28,184.87000,186.44000,184.53000,186.43000,161.55700,1.85%,4475499
2016-06-29,187.95000,189.86000,187.86000,189.64000,164.33800,1.72%,4147798
2016-06-30,190.13000,192.24000,189.52800,192.20000,166.55700,1.35%,3822157
2016-07-01,192.09000,193.12000,192.07000,192.60000,166.90400,0.21%,2170965
2016-07-05,191.73000,191.82000,190.57000,191.25000,165.73400,-0.70%,2231597
2016-07-06,190.71000,192.49000,189.97000,192.38000,166.71300,0.59%,2197838
2016-07-07,192.56000,193.26000,191.43800,192.25000,166.60000,-0.07%,1704943
2016-07-08,193.63000,195.36000,193.41000,195.17000,169.13100,1.52%,2048546
2016-07-11,195.62000,196.41000,195.41000,195.85000,169.72000,0.35%,3590480
2016-07-12,196.84000,197.54000,196.59000,197.23000,170.91600,0.70%,2355928
2016-07-13,197.69000,197.69000,196.68500,197.16000,170.85500,-0.04%,2767344
2016-07-14,198.58000,198.80000,197.89000,198.31000,171.85200,0.58%,3690962
2016-07-15,198.93000,198.93000,197.56000,198.01000,171.59200,-0.15%,2346463
2016-07-18,198.15000,198.74000,197.90000,198.58000,172.08600,0.29%,1155726
2016-07-19,198.13000,198.39000,197.88000,198.36000,171.89500,-0.11%,1003296
2016-07-20,198.92000,199.44000,198.41000,199.16000,172.58800,0.40%,1096642
2016-07-21,199.07000,199.32000,197.97000,198.41000,171.93800,-0.38%,4509817
2016-07-22,198.62000,199.38000,198.30000,199.33000,172.73600,0.46%,1678993
2016-07-25,199.10000,199.17000,198.17000,198.85000,172.32000,-0.24%,1172616
2016-07-26,198.70000,199.25000,197.97500,198.84000,172.31100,-0.01%,1405521
2016-07-27,199.29000,199.34000,197.85000,198.71000,172.19800,-0.07%,2120155
2016-07-28,198.49000,199.21000,197.97500,198.93000,172.38900,0.11%,937223
2016-07-29,198.63000,199.60000,198.32000,199.28000,172.69200,0.18%,1758641
2016-08-01,199.33000,199.71000,198.58000,199.05000,172.49300,-0.12%,2111471
2016-08-02,198.79000,198.94000,196.88000,197.81000,171.41800,-0.62%,4085790
2016-08-03,197.74000,198.42000,197.39600,198.38000,171.91200,0.29%,2057535
2016-08-04,198.50000,198.90000,198.05000,198.57000,172.07700,0.10%,1384742
2016-08-05,199.34000,200.22200,199.19000,200.17000,173.46400,0.81%,1818582
2016-08-08,200.41000,200.51000,199.79000,200.07000,173.37700,-0.05%,1441879
2016-08-09,200.19000,200.73000,199.86000,200.20000,173.49000,0.06%,1821115
2016-08-10,200.34000,200.39500,199.33000,199.69000,173.04800,-0.25%,1222339
2016-08-11,200.31000,200.89000,199.99500,200.67000,173.89700,0.49%,1645128
2016-08-12,200.32000,200.70000,200.04000,200.47000,173.72400,-0.10%,1718942
2016-08-15,200.89000,201.41000,200.85000,201.05000,174.22600,0.29%,1051549
2016-08-16,200.61000,200.66000,200.00000,200.01000,173.32500,-0.52%,1731162
2016-08-17,200.05000,200.53000,199.14000,200.34000,173.61100,0.16%,3157676
2016-08-18,200.37000,200.86000,200.25000,200.82000,174.02700,0.24%,5211151
2016-08-19,200.34000,200.72000,199.81000,200.54000,173.78400,-0.14%,1190807
2016-08-22,200.30000,200.75000,199.88000,200.52000,173.76700,-0.01%,880393
2016-08-23,201.18000,201.51000,200.86000,200.89000,174.08800,0.18%,1214451
2016-08-24,200.78000,200.87000,199.46000,199.92000,173.24700,-0.48%,1160988
2016-08-25,199.48000,200.21000,199.33200,199.76000,173.10800,-0.08%,1262644
2016-08-26,199.96000,201.05000,198.44000,199.38000,172.77900,-0.19%,2890614
2016-08-29,199.53000,200.64500,199.49000,200.39000,173.65400,0.51%,1140677
2016-08-30,200.28000,200.57000,199.44800,200.01000,173.32500,-0.19%,1407367
2016-08-31,199.70000,199.82000,198.65000,199.52000,172.90000,-0.24%,2343858
2016-09-01,199.50000,199.79000,198.24000,199.48000,172.86600,-0.02%,2196085
2016-09-02,200.41000,200.83000,199.78000,200.37000,173.63700,0.45%,1555772
2016-09-06,200.69000,201.04000,199.92000,201.00000,174.18300,0.31%,1589601
2016-09-07,200.82000,201.15000,200.32000,200.99000,174.17400,,1455442
2016-09-08,200.62000,200.92000,200.19000,200.52000,173.76700,-0.23%,2180474
2016-09-09,199.08000,199.18000,195.67000,195.68000,169.57300,-2.41%,3435593
2016-09-12,194.88000,198.95000,194.80000,198.48000,171.99900,1.43%,2800162
2016-09-13,196.25000,196.51000,194.12000,194.78000,169.55800,-1.86%,3365268
2016-09-14,194.83000,196.12000,194.12000,194.66000,169.45300,-0.06%,2966622
2016-09-15,194.51000,197.07000,194.37000,196.66000,171.19400,1.03%,1874617
2016-09-16,196.02000,196.19000,195.17000,195.89000,170.52400,-0.39%,1774206
2016-09-19,196.63000,197.28500,195.64000,195.95000,170.57600,0.03%,2061150
2016-09-20,196.86000,197.03000,195.93000,195.97000,170.59400,0.01%,1294085
2016-09-21,196.69000,198.34000,195.98000,198.17000,172.50900,1.12%,2238757
2016-09-22,199.26000,199.71000,198.98000,199.36000,173.54500,0.60%,2215243
2016-09-23,198.98000,199.11000,198.22000,198.29000,172.61300,-0.54%,1413561
2016-09-26,197.47000,197.60000,196.50000,196.71000,171.23800,-0.80%,2451578
2016-09-27,196.53000,198.01000,196.16000,197.91000,172.28300,0.61%,1468355
2016-09-28,198.18000,199.07000,197.13000,198.98000,173.21400,0.54%,1419899
2016-09-29,198.71000,199.11000,196.54000,197.11000,171.58600,-0.94%,2068307
2016-09-30,198.01000,199.34000,197.75000,198.69000,172.96200,0.80%,3147403
2016-10-03,198.18000,198.35000,197.45000,198.06000,172.41300,-0.32%,2136031
2016-10-04,198.25000,198.47000,196.48000,197.14000,171.61200,-0.46%,2846581
2016-10-05,197.77000,198.44000,197.72000,197.96000,172.32600,0.42%,1126748
2016-10-06,197.74000,198.34000,197.16000,198.19000,172.52600,0.12%,1117392
2016-10-07,198.42000,198.60000,196.65100,197.46000,171.89100,-0.37%,1795140
2016-10-10,198.44000,198.95000,198.31000,198.37000,172.68300,0.46%,1297401
2016-10-11,198.00000,198.07000,195.19000,195.96000,170.58500,-1.21%,2642914
2016-10-12,196.12000,196.74000,195.58800,196.21000,170.80300,0.13%,1458672
2016-10-13,194.83000,196.11000,193.92000,195.58000,170.25400,-0.32%,2407142
2016-10-14,196.65000,197.12000,195.61000,195.63000,170.29800,0.03%,1218830
2016-10-17,195.64000,195.92700,194.81000,195.05000,169.79300,-0.30%,1323208
2016-10-18,196.70000,196.76000,195.82000,196.20000,170.79400,0.59%,1263381
2016-10-19,196.49000,197.08000,196.13000,196.74000,171.26400,0.28%,1041362
2016-10-20,196.37000,196.97000,195.70000,196.42000,170.98600,-0.16%,1309798
2016-10-21,195.54000,196.57000,195.38000,196.47000,171.02900,0.03%,1376361
2016-10-24,197.37000,197.65000,196.95000,197.27000,171.72500,0.41%,816971
2016-10-25,197.13000,197.39000,196.48000,196.71000,171.23800,-0.28%,1464904
2016-10-26,195.76000,196.86000,195.53000,196.27000,170.85500,-0.22%,1202326
2016-10-27,197.04000,197.07000,195.65000,195.75000,170.40200,-0.26%,1635461
2016-10-28,195.71000,196.40000,194.40000,195.13000,169.86300,-0.32%,2632032
2016-10-31,195.49000,195.74000,194.98000,195.13000,169.86300,,1816259
2016-11-01,195.52000,195.54000,192.45000,193.77000,168.67900,-0.70%,2456360
2016-11-02,193.42000,193.81000,192.10000,192.49000,167.56400,-0.66%,3395632
2016-11-03,192.79000,193.00000,191.39000,191.74000,166.91200,-0.39%,1512147
2016-11-04,191.80000,192.71000,191.32000,191.48000,166.68500,-0.14%,2221546
2016-11-07,194.17000,195.74000,194.01000,195.68000,170.34100,2.19%,2699111
2016-11-08,195.31000,197.18000,195.02300,196.58000,171.12500,0.46%,3048785
2016-11-09,194.94000,199.34000,194.92000,198.68000,172.95300,1.07%,6119079
2016-11-10,199.53000,200.44000,197.61000,199.14000,173.35300,0.23%,5124553
2016-11-11,198.42000,198.96000,197.70000,198.77000,173.03100,-0.19%,1954176
2016-11-14,199.30000,199.49000,198.06000,198.80000,173.05700,0.02%,2651298
2016-11-15,199.29000,200.42000,199.07000,200.41000,174.45900,0.81%,2528093
2016-11-16,199.78000,200.29000,199.65000,200.07000,174.16300,-0.17%,1195176
2016-11-17,200.21000,201.13000,200.12000,201.02000,174.99000,0.47%,1176869
2016-11-18,201.16000,201.32000,200.44000,200.66000,174.67600,-0.18%,1668283
2016-11-21,201.25000,202.18000,201.11000,202.14000,175.96500,0.74%,2641345
2016-11-22,202.51000,202.73000,201.77400,202.51000,176.28700,0.18%,2773430
2016-11-23,202.14000,202.71000,201.77200,202.69000,176.44400,0.09%,1465781
2016-11-25,203.08000,203.50000,202.96000,203.50000,177.14900,0.40%,1843091
2016-11-28,203.07000,203.37000,202.34500,202.54000,176.31300,-0.47%,2193035
2016-11-29,202.51000,203.35000,202.17000,202.86000,176.59200,0.16%,1689610
2016-11-30,203.53000,203.69200,202.31000,202.40000,176.19100,-0.23%,2360118
2016-12-01,202.68000,202.71000,201.24000,201.61000,175.50300,-0.39%,3281407
2016-12-02,201.70000,202.23000,201.35000,201.75000,175.62500,0.07%,2119086
2016-12-05,202.64000,203.30000,202.41500,202.91000,176.63500,0.57%,2070921
2016-12-06,203.17000,203.63000,202.64000,203.62000,177.25300,0.35%,2413120
2016-12-07,203.45000,206.32000,203.30000,206.20000,179.49900,1.27%,2253885
2016-12-08,206.25000,207.27000,205.95000,206.74000,179.96900,0.26%,2973048
2016-12-09,207.02000,208.03000,206.98000,208.00000,181.06600,0.61%,1972005
2016-12-12,207.92000,208.42000,207.33600,207.77000,180.86600,-0.11%,2419359
2016-12-13,208.53000,209.70000,208.47000,209.19000,182.10200,0.68%,2670195
2016-12-14,208.84000,209.59000,206.98000,207.46000,180.59600,-0.83%,4232920
2016-12-15,207.72000,209.23000,207.58000,208.23000,181.26600,0.37%,2812515
2016-12-16,208.82000,208.84000,207.55000,207.87000,180.95300,-0.17%,3073346
2016-12-19,208.10000,208.80000,207.92700,208.34000,181.36200,0.23%,2041693
2016-12-20,208.92000,209.31000,208.67700,209.14000,182.05800,0.38%,3195261
2016-12-21,209.06000,209.20000,208.57000,208.57000,181.56200,-0.27%,1546050
2016-12-22,207.16000,207.24000,206.50000,207.01000,181.33200,-0.75%,1863775
2016-12-23,206.98000,207.22000,206.77000,207.19000,181.49000,0.09%,1279241
2016-12-27,207.48000,208.15000,207.48000,207.70000,181.93700,0.25%,1818503
2016-12-28,208.00000,208.07000,205.91000,206.06000,180.50000,-0.79%,2227976
2016-12-29,206.10000,206.47000,205.51000,206.02000,180.46500,-0.02%,1773088
2016-12-30,206.37000,206.43000,204.51000,205.31000,179.84300,-0.34%,4251400
2017-01-03,206.68000,207.33000,205.56000,206.74000,181.09600,0.70%,4750181
2017-01-04,207.20000,208.18000,207.12000,207.96000,182.16500,0.59%,4622499
2017-01-05,207.75000,208.04000,207.01300,207.80000,182.02400,-0.08%,2771884
2017-01-06,207.99000,209.09000,207.40000,208.61000,182.73400,0.39%,2194576
2017-01-09,208.34000,208.48000,207.88500,207.95000,182.15600,-0.32%,1705181
2017-01-10,207.90000,208.82000,207.51000,207.92000,182.13000,-0.01%,2189422
2017-01-11,207.84000,208.51000,207.12000,208.51000,182.64600,0.28%,5678042
2017-01-12,207.97000,208.19000,206.54000,208.05000,182.24300,-0.22%,3244517
2017-01-13,208.18000,208.78000,208.13000,208.46000,182.60300,0.20%,2822744
2017-01-17,207.79000,208.21000,207.33000,207.72000,181.95400,-0.35%,1690053
2017-01-18,208.01000,208.22000,207.42000,208.16000,182.34000,0.21%,1980467
2017-01-19,208.27000,208.43000,206.97000,207.46000,181.72700,-0.34%,1666905
2017-01-20,208.14000,208.70000,207.56000,208.13000,182.31300,0.32%,2082660
2017-01-23,207.84000,208.21000,206.83000,207.65000,181.89300,-0.23%,4586317
2017-01-24,207.86000,209.40000,207.74800,208.97000,183.04900,0.64%,1940125
2017-01-25,209.98000,210.77000,209.79000,210.71000,184.57300,0.83%,2872970
2017-01-26,210.65000,210.90000,210.25000,210.55000,184.43300,-0.08%,2485086
2017-01-27,210.65000,210.75800,210.03000,210.25000,184.17100,-0.14%,1428164
2017-01-30,209.48000,209.52000,207.88000,208.98000,183.05800,-0.60%,2782355
2017-01-31,208.34000,208.97000,207.79000,208.97000,183.04900,,3787129
2017-02-01,209.62000,209.86000,208.37000,209.00000,183.07600,0.01%,2698551
2017-02-02,208.59000,209.40000,208.23000,209.09000,183.15400,0.04%,1661322
2017-02-03,210.08000,210.73000,209.77000,210.64000,184.51200,0.74%,4264496
2017-02-06,210.12000,210.54300,209.84000,210.20000,184.12700,-0.21%,1345515
2017-02-07,210.65000,210.83700,209.99000,210.25000,184.17100,0.02%,1194607
2017-02-08,209.89000,210.61000,209.63000,210.52000,184.40700,0.13%,1096151
2017-02-09,210.78000,212.04300,210.74000,211.72000,185.45800,0.57%,1237378
2017-02-10,212.13000,212.80000,212.01000,212.57000,186.20300,0.40%,1412364
2017-02-13,213.11000,214.00000,213.07000,213.70000,187.19300,0.53%,1756259
2017-02-14,213.55000,214.59000,213.16000,214.59000,187.97200,0.42%,2528144
2017-02-15,214.34000,215.89000,214.31000,215.68000,188.92700,0.51%,2050241
2017-02-16,215.74000,215.90000,214.73000,215.51000,188.77800,-0.08%,1920430
2017-02-17,214.84000,215.84000,214.79400,215.84000,189.06700,0.15%,1452593
2017-02-21,216.32000,217.32000,216.24800,217.11000,190.18000,0.59%,1893160
2017-02-22,216.72000,217.19000,216.55000,217.01000,190.09200,-0.05%,1471519
2017-02-23,217.54000,217.54000,216.30000,217.13000,190.19700,0.06%,1717171
2017-02-24,216.22000,217.42000,216.16000,217.39000,190.42500,0.12%,1637987
2017-02-27,217.32000,217.89600,217.02000,217.71000,190.70500,0.15%,1942241
2017-02-28,217.34000,217.58000,216.72000,217.07000,190.14500,-0.29%,2181041
2017-03-01,218.90000,220.66000,218.87000,220.15000,192.84300,1.42%,3325472
2017-03-02,219.99000,220.02000,218.75000,218.86000,191.71300,-0.59%,1650696
2017-03-03,218.70000,219.09000,218.30800,218.98000,191.81800,0.05%,1765867
2017-03-06,218.07000,218.64800,217.63000,218.30000,191.22200,-0.31%,1530991
2017-03-07,217.98000,218.33000,217.42000,217.64000,190.64400,-0.30%,1743151
2017-03-08,217.95000,218.20000,217.07000,217.18000,190.24100,-0.21%,1784358
2017-03-09,217.33000,217.83600,216.46000,217.41000,190.44200,0.11%,1636234
2017-03-10,218.55000,218.56000,217.26000,218.17000,191.10800,0.35%,1819935
2017-03-13,218.18000,218.41000,217.86000,218.30000,191.22200,0.06%,1388168
2017-03-14,217.77000,217.81000,216.89000,217.56000,190.57400,-0.34%,1428401
2017-03-15,218.13000,219.85000,217.87000,219.37000,192.15900,0.83%,3358849
2017-03-16,219.61000,219.65000,218.65100,219.00000,191.83500,-0.17%,1710910
2017-03-17,219.30000,219.44000,218.56000,218.56000,191.45000,-0.20%,1588569
2017-03-20,218.59000,218.89000,217.98000,218.33300,191.25100,-0.10%,1035933
2017-03-21,219.00000,219.13000,215.41000,215.58000,188.83900,-1.26%,3468676
2017-03-22,214.58000,215.34500,213.95000,215.02000,189.22300,-0.26%,2600312
2017-03-23,214.80000,216.02500,214.44000,214.80000,189.02900,-0.10%,2436713
2017-03-24,215.14000,215.77000,213.88000,214.73000,188.96800,-0.03%,2647442
2017-03-27,212.87000,214.72000,212.62000,214.38000,188.66000,-0.16%,2082864
2017-03-28,214.16000,216.46000,214.05000,215.97000,190.05900,0.74%,3057222
2017-03-29,215.72000,216.47000,215.48000,216.29000,190.34100,0.15%,1748673
2017-03-30,216.17000,217.13000,215.98000,216.87000,190.85100,0.27%,2494842
2017-03-31,216.56000,217.11000,216.35000,216.35000,190.39300,-0.24%,1331402
2017-04-03,216.51000,216.69000,214.74000,216.08000,190.15600,-0.12%,2843854
2017-04-04,215.71000,216.25000,215.33000,216.20000,190.26100,0.06%,2481598
2017-04-05,216.89000,217.93000,215.34000,215.54000,189.68100,-0.31%,2311797
2017-04-06,215.71000,216.68300,215.22000,216.10000,190.17300,0.26%,1635457
2017-04-07,215.86000,216.64000,215.40000,215.91000,190.00600,-0.09%,1835945
2017-04-10,216.06000,216.88000,215.50000,216.06000,190.13800,0.07%,1311885
2017-04-11,215.63000,215.88000,214.25000,215.79000,189.90100,-0.12%,1780816
2017-04-12,215.49000,215.69000,214.62000,214.90000,189.11700,-0.41%,2002741
2017-04-13,214.50000,215.24000,213.47000,213.47000,187.85900,-0.67%,1806823
2017-04-17,214.00000,215.35000,213.80000,215.34000,189.50500,0.88%,1746903
2017-04-18,214.55000,215.24000,213.97800,214.75000,188.98500,-0.27%,2696140
2017-04-19,215.31000,215.70000,214.06000,214.28000,188.57200,-0.22%,2032384
2017-04-20,214.98000,216.50000,214.62000,216.03000,190.11200,0.82%,2734329
2017-04-21,215.97000,216.02000,214.93000,215.40000,189.55700,-0.29%,2594355
2017-04-24,217.75000,217.95000,217.23000,217.70000,191.58200,1.07%,2366350
2017-04-25,218.41000,219.36000,218.29000,219.01000,192.73400,0.60%,1745507
2017-04-26,218.96000,219.89800,218.81000,218.85000,192.59400,-0.07%,2824460
2017-04-27,219.20000,219.35700,218.47000,219.02000,192.74300,0.08%,1154178
2017-04-28,219.33000,219.34000,218.43000,218.60000,192.37400,-0.19%,1257631
2017-05-01,219.16000,219.57300,218.65000,219.13000,192.84000,0.24%,1506653
2017-05-02,219.29000,219.38000,218.77000,219.20000,192.90200,0.03%,2573012
2017-05-03,218.78000,219.17000,218.24000,218.98000,192.70800,-0.10%,1649865
2017-05-04,219.27000,219.35000,218.31000,219.18000,192.88400,0.09%,1439117
2017-05-05,219.56000,220.06000,219.12000,220.06000,193.65800,0.40%,1729796
2017-05-08,220.13000,220.25000,219.57000,220.07000,193.66700,,2225028
2017-05-09,220.29000,220.48600,219.44000,219.79000,193.42100,-0.13%,1637189
2017-05-10,219.76000,220.22000,219.55000,220.20000,193.78200,0.19%,1067300
2017-05-11,219.74000,219.93000,218.62000,219.75000,193.38600,-0.20%,1855740
2017-05-12,219.50000,219.60000,219.12000,219.41000,193.08600,-0.15%,1056500
2017-05-15,219.88000,220.72000,219.83000,220.52000,194.06300,0.51%,1441009
2017-05-16,220.88000,220.94000,220.00000,220.48000,194.02800,-0.02%,2452545
2017-05-17,218.61000,219.07000,216.42000,216.57000,190.58700,-1.77%,3507715
2017-05-18,216.33000,218.24000,216.13000,217.36000,191.28200,0.36%,2894833
2017-05-19,217.88000,219.46800,217.82500,218.71000,192.47000,0.62%,2436492
2017-05-22,219.26000,220.05000,219.23400,219.93000,193.54400,0.56%,1859933
2017-05-23,220.31000,220.54000,219.90000,220.36000,193.92200,0.20%,1258977
2017-05-24,220.64000,221.00000,220.28000,220.89000,194.38900,0.24%,1454448
2017-05-25,221.42500,222.24000,221.21000,221.92000,195.29500,0.47%,1565020
2017-05-26,221.76000,222.07000,221.67000,221.93000,195.30400,,1196072
2017-05-30,221.56000,221.97000,221.42000,221.72000,195.11900,-0.09%,1511818
2017-05-31,222.04000,222.08000,220.92000,221.67000,195.07500,-0.02%,2326169
2017-06-01,222.14000,223.45000,221.86000,223.40000,196.59800,0.78%,2111300
2017-06-02,223.48000,224.32000,223.17000,224.10000,197.21400,0.31%,1857591
2017-06-05,223.99000,224.28000,223.81000,223.95000,197.08200,-0.07%,1831231
2017-06-06,223.37000,223.95500,223.20000,223.31000,196.51800,-0.29%,1449440
2017-06-07,223.69000,223.93000,222.93000,223.68000,196.84400,0.17%,1328893
2017-06-08,223.82000,224.30800,223.24000,223.76000,196.91400,0.04%,1116090
2017-06-09,224.12000,224.93000,222.10000,223.50000,196.68600,-0.12%,2117658
2017-06-12,223.21000,223.48000,222.51000,223.41000,196.60600,-0.04%,1812639
2017-06-13,223.99000,224.57000,223.64000,224.50000,197.56600,0.49%,2170673
2017-06-14,224.82000,224.84000,223.38000,224.26000,197.35400,-0.11%,1886036
2017-06-15,222.86000,223.93000,222.51000,223.81000,196.95800,-0.20%,2171076
2017-06-16,224.00000,224.06000,222.94000,223.87000,197.01100,0.03%,1603612
2017-06-19,224.73000,225.76500,224.62000,225.70000,198.62200,0.82%,1433388
2017-06-20,225.36000,225.36000,224.18000,224.22000,197.31900,-0.66%,1365997
2017-06-21,224.57000,224.72000,223.64000,224.13000,197.24000,-0.04%,1422018
2017-06-22,224.17000,224.65900,223.87000,224.00000,197.12600,-0.06%,1344396
2017-06-23,223.12000,223.65000,222.72000,223.37000,197.46000,-0.28%,1257512
2017-06-26,224.00000,224.44900,223.24000,223.44000,197.52200,0.03%,1321687
2017-06-27,223.21000,223.52000,221.63000,221.66000,195.94800,-0.80%,3476711
2017-06-28,222.73000,223.84000,222.50000,223.62000,197.68100,0.88%,2875567
2017-06-29,223.81000,223.92000,220.41900,221.69000,195.97500,-0.86%,4613043
2017-06-30,222.57000,222.91000,221.86000,222.06000,196.30200,0.17%,2982313
2017-07-03,223.09000,223.53000,222.47000,222.55000,196.73500,0.22%,1762460
2017-07-05,222.84000,223.17000,222.00000,222.94000,197.08000,0.18%,2043819
2017-07-06,222.16000,222.25000,220.72000,220.94000,195.31200,-0.90%,2541830
2017-07-07,221.52000,222.52000,221.38000,222.34000,196.55000,0.63%,2148110
2017-07-10,222.20000,222.99000,222.04000,222.57000,196.75300,0.10%,1800233
2017-07-11,222.42000,222.76000,221.21900,222.40000,196.60300,-0.08%,1638921
2017-07-12,223.47000,224.28000,223.47000,224.07000,198.07900,0.75%,1492107
2017-07-13,224.16000,224.61000,223.89000,224.45000,198.41500,0.17%,1485924
2017-07-14,224.52000,225.90000,224.39000,225.47000,199.31600,0.45%,1642410
2017-07-17,225.45000,225.86000,225.34000,225.50000,199.34300,0.01%,1176176
2017-07-18,225.13000,225.69000,224.73000,225.67000,199.49300,0.08%,3146451
2017-07-19,225.98000,226.86000,225.96000,226.86000,200.54500,0.53%,1255309
2017-07-20,227.13000,227.25000,226.40000,226.93000,200.60700,0.03%,1697624
2017-07-21,226.36000,226.78000,226.11000,226.77000,200.46600,-0.07%,2461780
2017-07-24,226.67000,226.83300,226.22000,226.69000,200.39500,-0.04%,1277931
2017-07-25,227.51000,227.59300,227.02000,227.23000,200.87200,0.24%,1349504
2017-07-26,227.57000,227.59000,226.98000,227.30000,200.93400,0.03%,1574199
2017-07-27,227.75000,227.78000,225.65000,227.03000,200.69600,-0.12%,1834455
2017-07-28,226.54000,226.92000,226.09000,226.77000,200.46600,-0.11%,2364130
2017-07-31,227.23000,227.30000,226.44000,226.64000,200.35100,-0.06%,3020261
2017-08-01,227.30000,227.32000,226.68000,227.15000,200.80200,0.23%,1674501
2017-08-02,227.31000,227.42000,226.28700,227.28000,200.91700,0.06%,1889733
2017-08-03,227.18000,227.18000,226.55000,226.88000,200.56300,-0.18%,1266394
2017-08-04,227.36000,227.59000,226.84000,227.26000,200.89900,0.17%,1039834
2017-08-07,227.33000,227.66000,227.20000,227.63000,201.22600,0.16%,848497
2017-08-08,227.34000,228.62000,226.73000,227.18000,200.82800,-0.20%,1065082
2017-08-09,226.35000,227.15000,226.00000,227.05000,200.71300,-0.06%,1535034
2017-08-10,226.24000,226.34500,223.85000,223.93000,197.95500,-1.37%,3042676
2017-08-11,224.13000,224.82000,223.87000,224.23000,198.22000,0.13%,1584454
2017-08-14,225.56000,226.66500,225.56000,226.43000,200.16500,0.98%,2201879
2017-08-15,226.84000,226.87000,226.10000,226.45000,200.18300,0.01%,1309702
2017-08-16,226.95000,227.39000,226.37000,226.81000,200.50100,0.16%,1530078
2017-08-17,226.19000,226.50000,223.28000,223.28000,197.38100,-1.56%,3396186
2017-08-18,223.09000,224.26900,222.45000,222.87000,197.01800,-0.18%,2691136
2017-08-21,222.85000,223.36000,222.12000,223.14000,197.25700,0.12%,1281547
2017-08-22,223.72000,225.60000,223.69000,225.40000,199.25500,1.01%,1455556
2017-08-23,224.46000,225.06000,224.26000,224.63000,198.57400,-0.34%,1463269
2017-08-24,225.04000,225.17000,223.88000,224.11000,198.11400,-0.23%,1345458
2017-08-25,224.95000,225.58000,224.47000,224.60000,198.54700,0.22%,1220802
2017-08-28,225.16000,225.21000,224.19000,224.68000,198.61800,0.04%,798197
2017-08-29,223.25000,225.16000,223.15000,224.85000,198.76800,0.08%,1394206
2017-08-30,224.86000,226.24000,224.69000,225.97000,199.75800,0.50%,1377845
2017-08-31,226.63000,227.58000,226.55000,227.30000,200.93400,0.59%,2202709
2017-09-01,227.76000,228.10800,227.51000,227.69000,201.27900,0.17%,1393725
2017-09-05,227.10000,227.35100,224.98000,226.01000,199.79400,-0.74%,2222499
2017-09-06,226.76000,227.14000,226.19200,226.80000,200.49200,0.35%,1523352
2017-09-07,227.13000,227.13000,226.34200,226.75000,200.44800,-0.02%,1620299
2017-09-08,226.45000,226.98000,226.25000,226.40000,200.13900,-0.15%,1896853
2017-09-11,227.85000,229.01000,227.84000,228.87000,202.32200,1.09%,2007238
2017-09-12,229.32000,229.72000,229.13000,229.71000,203.06500,0.37%,1535002
2017-09-13,229.37000,229.85000,229.28000,229.85000,203.18800,0.06%,1155775
2017-09-14,229.47000,229.94000,229.31000,229.77000,203.11800,-0.03%,1857180
2017-09-15,229.62000,230.13000,229.49000,230.09000,203.40100,0.14%,1419681
2017-09-18,230.46000,230.90000,230.12200,230.49000,203.75400,0.17%,1325168
2017-09-19,230.79000,230.85000,230.44000,230.77000,204.00200,0.12%,1299418
2017-09-20,229.68000,229.78000,228.63000,229.72000,204.11300,-0.45%,1850533
2017-09-21,229.54000,229.58000,228.87000,229.07000,203.53600,-0.28%,1899830
2017-09-22,228.75000,229.26000,228.72000,229.04000,203.50900,-0.01%,1599223
2017-09-25,228.82000,229.20000,227.86000,228.70000,203.20700,-0.15%,1523513
2017-09-26,229.09000,229.32000,228.53000,228.78000,203.27800,0.03%,2335149
2017-09-27,229.53000,230.06300,228.59700,229.67000,204.06900,0.39%,2103854
2017-09-28,229.36000,230.01000,229.29000,229.94000,204.30900,0.12%,1084539
2017-09-29,229.91000,230.83000,229.74000,230.76000,205.03700,0.36%,1726212
2017-10-02,231.00000,231.73000,230.91000,231.73000,205.89900,0.42%,1960563
2017-10-03,231.90000,232.25000,231.67000,232.20000,206.31700,0.20%,1315390
2017-10-04,232.12000,232.78000,231.97700,232.52000,206.60100,0.14%,1006990
2017-10-05,232.86000,233.93000,232.76000,233.90000,207.82700,0.59%,1471827
2017-10-06,233.46000,233.70000,233.18000,233.68000,207.63200,-0.09%,1101532
2017-10-09,233.92000,233.93000,232.98000,233.27000,207.26700,-0.18%,768438
2017-10-10,233.84000,234.25300,233.29000,233.86000,207.79200,0.25%,1027634
2017-10-11,233.74000,234.24000,233.60000,234.24000,208.12900,0.16%,1036377
2017-10-12,233.87000,234.27000,233.64000,233.88000,207.80900,-0.15%,1079399
2017-10-13,234.37000,234.47000,234.02000,234.14000,208.04000,0.11%,1067911
2017-10-16,234.41000,234.69000,234.04100,234.51000,208.36900,0.16%,1767459
2017-10-17,234.47000,234.69000,234.22000,234.66000,208.50200,0.06%,1332411
2017-10-18,235.06000,235.09000,234.68000,234.87000,208.68900,0.09%,1527797
2017-10-19,234.03000,234.99000,233.62000,234.99000,208.79600,0.05%,1653623
2017-10-20,235.80000,236.18500,235.53000,236.16000,209.83500,0.50%,1296336
2017-10-23,236.49000,236.49000,235.15200,235.30000,209.07100,-0.36%,1100561
2017-10-24,235.68000,235.89000,235.27000,235.63000,209.36400,0.14%,1818164
2017-10-25,235.30000,235.41000,233.29100,234.50000,208.36000,-0.48%,1943399
2017-10-26,235.10000,235.41000,234.67000,234.72000,208.55600,0.09%,3298206
2017-10-27,235.63000,236.88000,235.30000,236.72000,210.33300,0.85%,2824985
2017-10-30,236.13000,236.61500,235.53300,235.86000,209.56900,-0.36%,1292843
2017-10-31,236.26000,236.47000,235.90000,236.13000,209.80900,0.11%,1357556
2017-11-01,237.03000,237.39000,236.13000,236.54000,210.17300,0.17%,2078341
2017-11-02,236.45000,236.76500,235.32000,236.64000,210.26200,0.04%,1907593
2017-11-03,236.83000,237.44000,236.34000,237.43000,210.96400,0.33%,1934271
2017-11-06,237.24000,237.89000,237.21000,237.79000,211.28400,0.15%,1688740
2017-11-07,237.89000,238.22000,237.11000,237.69000,211.19500,-0.04%,1502717
2017-11-08,237.41000,238.12000,237.15000,238.04000,211.50600,0.15%,4704473
2017-11-09,236.73000,237.33700,235.48000,237.18000,210.74200,-0.36%,1644158
2017-11-10,236.72000,237.18000,236.40000,237.04000,210.61700,-0.06%,1018980
2017-11-13,236.33000,237.51700,236.31000,237.32000,210.86600,0.12%,900110
2017-11-14,236.44000,236.85000,235.64000,236.74000,210.35100,-0.24%,2763302
2017-11-15,235.74000,236.24400,234.82000,235.53000,209.27500,-0.51%,2436152
2017-11-16,236.52000,237.92800,236.50000,237.54000,211.06100,0.85%,1072436
2017-11-17,237.17000,237.39000,236.79000,236.90000,210.49300,-0.27%,1370465
2017-11-20,237.12000,237.47000,236.86000,237.21000,210.76800,0.13%,1419879
2017-11-21,238.06000,239.00000,238.00000,238.79000,212.17200,0.67%,1151522
2017-11-22,238.86000,238.95000,238.44000,238.62000,212.02100,-0.07%,2143705
2017-11-24,239.12000,239.28000,238.99000,239.12000,212.46500,0.21%,1219347
2017-11-27,239.19000,239.53000,238.83000,239.05000,212.40300,-0.03%,2654206
2017-11-28,239.59000,241.48000,239.44000,241.42000,214.50900,0.99%,1793519
2017-11-29,241.60000,242.18000,240.84000,241.33000,214.42900,-0.04%,2442133
2017-11-30,242.30000,244.40000,242.23000,243.35000,216.22400,0.84%,5451711
2017-12-01,243.25000,243.71000,239.52000,242.90000,215.82400,-0.18%,3775569
2017-12-04,244.70000,245.07000,242.59000,242.64000,215.59300,-0.11%,2162250
2017-12-05,242.91000,243.58000,241.63000,241.78000,214.82900,-0.35%,1884780
2017-12-06,241.45000,242.26000,241.33000,241.77000,214.82000,,1204971
2017-12-07,241.69000,242.91000,241.55000,242.57000,215.53100,0.33%,2669407
2017-12-08,243.45000,243.92000,243.20000,243.89000,216.70400,0.54%,1685660
2017-12-11,244.02000,244.71000,243.90000,244.68000,217.40600,0.32%,2513268
2017-12-12,244.94000,245.58000,244.69000,245.10000,217.77900,0.17%,1854983
2017-12-13,245.36000,245.80000,244.97000,245.04000,217.72500,-0.02%,1808436
2017-12-14,245.40000,245.48000,244.00000,244.07000,216.86400,-0.40%,1932948
2017-12-15,245.15000,246.55000,245.07000,246.12000,218.68500,0.84%,3170751
2017-12-18,247.52000,248.01000,247.45000,247.65000,220.04400,0.62%,2089580
2017-12-19,247.92000,247.95000,246.63000,246.75000,219.24500,-0.36%,3170296
2017-12-20,247.72000,247.77000,246.27000,246.56000,219.07600,-0.08%,2569992
2017-12-21,247.22000,247.81000,246.82000,247.06000,219.52000,0.20%,2262361
2017-12-22,247.09000,247.13000,246.44000,247.01000,219.47600,-0.02%,1888511
2017-12-26,245.66000,245.71000,245.26000,245.54000,219.22200,-0.60%,1492258
2017-12-27,245.71000,246.02000,245.38000,245.68000,219.34700,0.06%,1379426
2017-12-28,246.13000,246.21000,245.77000,246.14000,219.75700,0.19%,2346711
2017-12-29,246.76000,246.77000,245.03000,245.29000,218.99800,-0.35%,2326724
2018-01-02,246.15000,247.09000,245.74000,247.09000,220.60500,0.73%,2784283
2018-01-03,247.24000,248.70000,247.18000,248.56000,221.91800,0.59%,2917652
2018-01-04,249.27000,250.12000,249.17000,249.65000,222.89100,0.44%,2918028
2018-01-05,250.46000,251.40000,249.95000,251.25000,224.32000,0.64%,2190162
2018-01-08,251.16000,251.88000,250.87000,251.77000,224.78400,0.21%,2476193
2018-01-09,252.18000,252.94000,251.91000,252.30000,225.25700,0.21%,2129810
2018-01-10,251.51000,252.17000,250.82000,251.87000,224.87300,-0.17%,1953626
2018-01-11,252.47000,253.73000,252.33000,253.73000,226.53400,0.74%,2280293
2018-01-12,254.03000,255.56000,253.90000,255.41000,228.03400,0.66%,2054913
2018-01-16,256.79000,257.40000,253.80000,254.48000,227.20300,-0.36%,3719563
2018-01-17,255.50000,257.35000,254.74000,256.94000,229.40000,0.97%,1867698
2018-01-18,256.84000,257.27000,256.02000,256.59000,229.08700,-0.14%,3154233
2018-01-19,257.15000,257.69000,256.53000,257.68000,230.06000,0.42%,2541164
2018-01-22,257.45000,259.78000,257.45000,259.75000,231.90800,0.80%,1607788
2018-01-23,259.84000,260.63000,259.51000,260.34000,232.43500,0.23%,2161081
2018-01-24,261.03000,261.63000,259.02000,260.21000,232.31900,-0.05%,2935509
2018-01-25,261.17000,261.22000,259.53000,260.33000,232.42600,0.05%,3585564
2018-01-26,261.33000,263.37000,260.97000,263.36000,235.13200,1.16%,2857269
2018-01-29,262.83000,263.25000,261.48000,261.54000,233.50700,-0.69%,5145000
2018-01-30,259.67000,260.35000,258.46000,258.75000,231.01600,-1.07%,6678947
2018-01-31,259.83000,260.38000,257.95000,258.99000,231.23000,0.09%,5597301
2018-02-01,258.29000,260.12000,257.95000,258.73000,230.99800,-0.10%,3125707
2018-02-02,257.37000,257.50000,253.09000,253.19000,226.05200,-2.14%,5532170
2018-02-05,251.26000,253.47000,241.92000,242.79000,216.76600,-4.11%,8559206
2018-02-06,238.80000,247.81000,237.67000,247.28000,220.77500,1.85%,11701703
2018-02-07,246.71000,250.28000,245.92000,245.93000,219.57000,-0.55%,6240150
2018-02-08,246.25000,246.43000,236.70000,236.79000,211.40900,-3.72%,6985672
2018-02-09,239.60000,242.20000,232.42000,240.44000,214.66800,1.54%,9713095
2018-02-12,242.50000,245.32000,240.66000,243.74000,217.61500,1.37%,4236207
2018-02-13,242.63000,245.00000,241.97000,244.56000,218.34700,0.34%,3077691
2018-02-14,243.00000,248.12000,242.84000,247.76000,221.20400,1.31%,3650816
2018-02-15,249.60000,250.97000,246.98000,250.97000,224.07000,1.30%,2923845
2018-02-16,250.27000,253.00000,250.17000,250.94000,224.04300,-0.01%,3007455
2018-02-20,250.00000,251.51000,248.60000,249.42000,222.68600,-0.61%,3454368
2018-02-21,249.86000,252.44000,248.11000,248.11000,221.51600,-0.53%,2797969
2018-02-22,249.17000,250.90000,247.81000,248.41000,221.78400,0.12%,3177722
2018-02-23,249.82000,252.49000,249.30000,252.49000,225.42700,1.64%,2923105
2018-02-26,253.56000,255.50000,252.99000,255.40000,228.02500,1.15%,1891991
2018-02-27,255.63000,256.34000,252.14000,252.14000,225.11400,-1.28%,2947118
2018-02-28,253.37000,253.82000,249.34000,249.34000,222.61400,-1.11%,2716623
2018-03-01,249.53000,251.03000,244.45000,246.05000,219.67700,-1.32%,5182334
2018-03-02,244.24000,247.86000,243.33000,247.36000,220.84600,0.53%,3276498
2018-03-05,246.02000,250.79000,245.95000,250.20000,223.38200,1.15%,3024611
2018-03-06,251.22000,251.25000,249.23000,250.83000,223.94500,0.25%,1931994
2018-03-07,248.54000,251.07000,248.36000,250.72000,223.84600,-0.04%,2730204
2018-03-08,251.40000,252.02000,250.36000,251.89000,224.89100,0.47%,3021617
2018-03-09,253.40000,256.26000,253.05000,256.25000,228.78400,1.73%,2450814
2018-03-12,256.64000,257.25000,255.58000,256.00000,228.56000,-0.10%,2029174
2018-03-13,257.20000,257.71000,253.71000,254.31000,227.05200,-0.66%,3080622
2018-03-14,255.33000,255.51000,252.46000,252.97000,225.85500,-0.53%,2352702
2018-03-15,253.55000,254.21000,252.22000,252.73000,225.64100,-0.09%,2161474
2018-03-16,253.23000,254.08000,252.97000,252.99000,225.87300,0.10%,1554574
2018-03-19,252.25000,252.26000,247.87000,249.61000,222.85500,-1.34%,2715818
2018-03-20,249.99000,250.66000,249.33000,250.05000,223.24800,0.18%,1991443
2018-03-21,249.94000,252.12000,249.31000,249.47000,222.73000,-0.23%,2777343
2018-03-22,247.11000,248.08000,243.03000,243.27000,217.19500,-2.49%,3589391
2018-03-23,243.74000,244.09000,237.92000,238.09000,212.57000,-2.13%,3815476
2018-03-26,240.82000,243.81000,238.32000,243.53000,218.39500,2.28%,5528998
2018-03-27,244.47000,245.04000,237.77000,239.31000,214.61000,-1.73%,3363565
2018-03-28,239.46000,241.22000,237.53000,238.64000,214.00900,-0.28%,4384132
2018-03-29,239.85000,243.61000,239.08000,242.08000,217.09400,1.44%,2911487
2018-04-02,241.19000,241.70000,233.92000,236.48000,212.07200,-2.31%,4696395
2018-04-03,237.81000,240.00000,235.93000,239.48000,214.76300,1.27%,3287873
2018-04-04,235.87000,242.81000,235.70000,242.24000,217.23800,1.15%,4598042
2018-04-05,243.90000,244.89000,242.80000,243.99000,218.80700,0.72%,3436604
2018-04-06,241.94000,243.51000,236.98000,238.62000,213.99100,-2.20%,4931574
2018-04-09,240.15000,243.25000,239.32000,239.59000,214.86100,0.41%,2955982
2018-04-10,242.75000,244.38000,241.57000,243.54000,218.40400,1.65%,2905551
2018-04-11,242.00000,243.99000,241.95000,242.25000,217.24700,-0.53%,2068330
2018-04-12,243.71000,245.25000,243.47000,244.28000,219.06700,0.84%,1723600
2018-04-13,245.84000,245.84000,242.50000,243.60000,218.45700,-0.28%,2887665
2018-04-16,245.27000,246.35000,244.41000,245.58000,220.23300,0.81%,2149239
2018-04-17,247.42000,248.81000,246.88000,248.22000,222.60000,1.08%,2301788
2018-04-18,248.66000,249.22000,247.94000,248.36000,222.72600,0.06%,1365069
2018-04-19,247.62000,247.89000,245.96000,247.00000,221.50600,-0.55%,1997232
2018-04-20,246.95000,247.13000,243.97000,245.00000,219.71300,-0.81%,2103856
2018-04-23,245.55000,246.08000,243.75000,244.89000,219.61400,-0.04%,1472625
2018-04-24,245.97000,246.12000,240.01000,241.55000,216.61900,-1.36%,3653453
2018-04-25,241.51000,242.63000,239.60000,242.17000,217.17500,0.26%,2354538
2018-04-26,243.22000,245.47000,242.77000,244.66000,219.40800,1.03%,2106791
2018-04-27,245.23000,245.57000,243.89000,244.92000,219.64100,0.11%,2178868
2018-04-30,245.51000,246.05000,242.85000,242.92000,217.84800,-0.82%,2146101
2018-05-01,242.45000,243.52000,240.76000,243.44000,218.31400,0.21%,2323139
2018-05-02,243.21000,244.02000,241.36000,241.78000,216.82500,-0.68%,1636419
2018-05-03,240.88000,241.90000,237.92000,241.21000,216.31400,-0.24%,2666472
2018-05-04,240.25000,245.06000,239.89000,244.41000,219.18400,1.33%,1785210
2018-05-07,245.19000,246.19000,244.46000,245.17000,219.86500,0.31%,3127179
2018-05-08,244.83000,245.53000,243.57000,245.16000,219.85600,,1924488
2018-05-09,245.86000,247.90000,245.36000,247.54000,221.99100,0.97%,1506163
2018-05-10,248.36000,250.20000,248.25000,249.86000,224.07100,0.94%,1537619
2018-05-11,250.04000,250.92000,249.48000,250.47000,224.61800,0.24%,1703455
2018-05-14,251.12000,251.76000,250.21000,250.75000,224.86900,0.11%,1478203
2018-05-15,249.50000,249.52000,248.06000,249.03000,223.32700,-0.69%,2600622
2018-05-16,249.08000,250.54000,249.07000,250.09000,224.27700,0.43%,2588718
2018-05-17,249.79000,250.99000,249.08000,249.88000,224.08900,-0.08%,1714614
2018-05-18,249.53000,249.85000,248.89000,249.26000,223.53300,-0.25%,1703135
2018-05-21,250.77000,251.68000,250.43000,251.09000,225.17400,0.73%,1263289
2018-05-22,251.67000,251.94000,250.10000,250.37000,224.52900,-0.29%,1055352
2018-05-23,249.12000,251.15000,248.95000,251.15000,225.22800,0.31%,1484145
2018-05-24,250.74000,251.00000,248.76000,250.67000,224.79800,-0.19%,2025388
2018-05-25,250.04000,250.64000,249.49000,250.04000,224.23300,-0.25%,1654804
2018-05-29,248.28000,249.08000,245.97000,247.15000,221.64100,-1.16%,4465821
2018-05-30,248.53000,250.88000,248.43000,250.41000,224.56400,1.32%,1359687
2018-05-31,249.99000,250.30000,248.28000,248.79000,223.11200,-0.65%,2378804
2018-06-01,250.23000,251.65000,250.17000,251.41000,225.46100,1.05%,1953882
2018-06-04,252.17000,252.80000,251.96000,252.52000,226.45700,0.44%,2031482
2018-06-05,252.66000,253.13000,251.87000,252.87000,226.77100,0.14%,1491157
2018-06-06,253.37000,254.96000,252.72000,254.89000,228.58200,0.80%,2763168
2018-06-07,255.37000,255.70000,253.88000,254.77000,228.47400,-0.05%,2616287
2018-06-08,254.36000,255.62000,254.19000,255.57000,229.19200,0.31%,1517453
2018-06-11,255.79000,256.67000,255.70000,255.90000,229.48800,0.13%,2648046
2018-06-12,256.39000,256.63000,255.60000,256.33000,229.87300,0.17%,1182220
2018-06-13,256.53000,256.77000,255.23000,255.31000,228.95900,-0.40%,2507760
2018-06-14,256.31000,256.62000,255.46000,256.05000,229.62200,0.29%,1914094
2018-06-15,255.27000,256.07000,254.13000,255.83000,229.42500,-0.09%,2000057
2018-06-18,254.18000,255.36000,253.71000,255.22000,228.87800,-0.24%,2019689
2018-06-19,252.83000,254.46000,252.42000,254.25000,228.00800,-0.38%,1863323
2018-06-20,254.97000,255.37000,254.32000,254.71000,228.42100,0.18%,1578179
2018-06-21,254.66000,254.67000,252.58000,253.12000,226.99500,-0.62%,4037572
2018-06-22,254.40000,254.52000,253.32000,253.57000,227.39800,0.18%,3092670
2018-06-25,252.37000,252.51000,248.35000,250.06000,224.25100,-1.38%,6690013
2018-06-26,250.66000,251.53000,249.91000,250.61000,224.74400,0.22%,2971320
2018-06-27,251.27000,252.73000,248.43000,248.53000,222.87800,-0.83%,3432673
2018-06-28,247.30000,249.60000,246.63000,248.88000,224.23000,0.14%,2638408
2018-06-29,249.98000,251.36000,249.10000,249.51000,224.79800,0.25%,3711575
2018-07-02,247.56000,249.89000,247.32000,249.80000,225.05900,0.12%,1943137
2018-07-03,250.68000,250.76000,248.44000,248.79000,224.14900,-0.40%,1157884
2018-07-05,250.07000,250.94000,248.91000,250.92000,226.06800,0.86%,1948090
2018-07-06,250.91000,253.39000,250.52000,253.01000,227.95100,0.83%,2622491
2018-07-09,254.05000,255.32000,254.01000,255.25000,229.96900,0.89%,3979469
2018-07-10,255.75000,256.30000,255.45000,256.14000,230.77100,0.35%,1314531
2018-07-11,254.60000,255.41000,254.03000,254.39000,229.19400,-0.68%,2335052
2018-07-12,255.66000,256.66000,255.01000,256.57000,231.15900,0.86%,2874031
2018-07-13,256.49000,257.16000,255.99000,256.79000,231.35700,0.09%,1814928
2018-07-16,256.89000,257.01000,256.16000,256.63000,231.21300,-0.06%,993457
2018-07-17,255.85000,258.06000,255.80000,257.73000,232.20400,0.43%,1825871
2018-07-18,257.76000,258.32000,257.28000,258.20000,232.62700,0.18%,2606817
2018-07-19,257.50000,257.90000,256.75000,257.22000,231.74400,-0.38%,2050473
2018-07-20,257.00000,257.65000,256.78000,256.98000,231.52800,-0.09%,2710786
2018-07-23,256.73000,257.61000,256.40000,257.47000,231.96900,0.19%,1447020
2018-07-24,258.84000,259.57000,257.82000,258.68000,233.06000,0.47%,2916394
2018-07-25,258.54000,261.25000,258.43000,261.05000,235.19500,0.92%,2623349
2018-07-26,260.14000,261.01000,260.10000,260.28000,234.50100,-0.29%,2166453
2018-07-27,260.73000,260.74000,257.58000,258.59000,232.97900,-0.65%,2666731
2018-07-30,258.60000,258.78000,256.64000,257.10000,231.63600,-0.58%,1601425
2018-07-31,258.02000,259.09000,257.60000,258.40000,232.80700,0.51%,1992498
2018-08-01,258.64000,259.19000,257.35000,258.08000,232.51900,-0.12%,1651723
2018-08-02,256.73000,259.60000,256.48000,259.39000,233.69900,0.51%,1767326
2018-08-03,259.60000,260.66000,259.39000,260.66000,234.84300,0.49%,2017560
2018-08-06,260.56000,261.83000,260.20000,261.64000,235.72600,0.38%,1842998
2018-08-07,262.20000,262.78000,262.08000,262.37000,236.38400,0.28%,2619229
2018-08-08,262.23000,262.67000,261.79000,262.23000,236.25800,-0.05%,1560785
2018-08-09,262.33000,262.74000,261.76000,261.90000,235.96100,-0.13%,1084398
2018-08-10,260.36000,260.96000,259.43000,260.12000,234.35700,-0.68%,2395462
2018-08-13,260.41000,261.07000,258.90000,259.14000,233.47400,-0.38%,3685433
2018-08-14,259.94000,261.07000,259.55000,260.81000,234.97900,0.64%,1531808
2018-08-15,259.43000,259.55000,257.39000,258.89000,233.24900,-0.74%,2587788
2018-08-16,260.36000,261.89000,260.35000,260.99000,235.14100,0.81%,1693138
2018-08-17,260.71000,262.38000,260.35000,261.86000,235.92500,0.33%,2278823
2018-08-20,262.40000,262.74000,261.90000,262.44000,236.44700,0.22%,1245462
2018-08-21,263.01000,263.97000,262.86000,263.01000,236.96100,0.22%,1937866
2018-08-22,262.64000,263.45000,262.39000,262.93000,236.88900,-0.03%,1708066
2018-08-23,262.68000,263.63000,262.21000,262.55000,236.54600,-0.14%,2308144
2018-08-24,263.16000,264.29000,263.11000,264.20000,238.03300,0.63%,2329248
2018-08-27,265.38000,266.35000,265.26000,266.19000,239.82600,0.75%,2370987
2018-08-28,266.76000,266.83000,265.89000,266.34000,239.96100,0.06%,3027196
2018-08-29,266.59000,268.05000,266.34000,267.80000,241.27600,0.55%,2116106
2018-08-30,267.31000,267.71000,266.12000,266.71000,240.29400,-0.41%,2625499
2018-08-31,266.33000,267.22000,265.83000,266.72000,240.30300,,3172354
2018-09-04,266.35000,266.66000,265.26000,266.35000,239.97000,-0.14%,3623299
2018-09-05,265.91000,266.13000,264.52000,265.60000,239.29400,-0.28%,4595466
2018-09-06,265.69000,265.99000,263.70000,264.82000,238.59100,-0.29%,1687900
2018-09-07,263.63000,265.26000,263.45000,264.18000,238.01500,-0.24%,2634408
2018-09-10,265.28000,265.57000,264.51000,264.68000,238.46500,0.19%,2832651
2018-09-11,264.03000,266.05000,263.68000,265.68000,239.36600,0.38%,3420386
2018-09-12,265.61000,266.26000,264.83000,265.71000,239.39300,0.01%,3019831
2018-09-13,266.78000,267.42000,266.47000,267.22000,240.75400,0.57%,2087871
2018-09-14,267.47000,267.62000,266.47000,267.36000,240.88000,0.05%,1860996
2018-09-17,267.22000,267.26000,265.59000,265.85000,239.51900,-0.56%,2515315
2018-09-18,266.10000,267.92000,266.09000,267.30000,240.82600,0.55%,1823641
2018-09-19,267.35000,268.03000,267.23000,267.60000,241.09600,0.11%,2077480
2018-09-20,268.89000,270.10000,268.79000,269.75000,243.03300,0.80%,3349666
2018-09-21,270.55000,270.67000,269.37000,269.56000,242.86200,-0.07%,1352509
2018-09-24,268.93000,269.07000,268.02000,268.66000,242.05100,-0.33%,2070891
2018-09-25,269.10000,269.17000,268.15000,268.33000,241.75400,-0.12%,2360730
2018-09-26,267.32000,268.54000,265.95000,266.34000,241.04800,-0.74%,2568392
2018-09-27,266.88000,268.24000,266.60000,267.08000,241.71800,0.28%,3077514
2018-09-28,266.50000,267.65000,266.43000,267.05000,241.69100,-0.01%,1774303
2018-10-01,268.46000,269.18000,267.39000,268.04000,242.58700,0.37%,1969245
2018-10-02,267.97000,268.67000,267.55000,268.01000,242.56000,-0.01%,3034122
2018-10-03,269.02000,269.47000,267.72000,268.24000,242.76800,0.09%,2505783
2018-10-04,267.57000,267.66000,264.37000,266.04000,240.77700,-0.82%,5004396
2018-10-05,266.19000,266.77000,263.02000,264.54000,239.41900,-0.56%,2564702
2018-10-08,263.77000,264.85000,262.38000,264.47000,239.35600,-0.03%,3219556
2018-10-09,264.10000,265.45000,263.55000,264.13000,239.04800,-0.13%,2078186
2018-10-10,263.62000,263.62000,255.37000,255.60000,231.32800,-3.23%,5803900
2018-10-11,254.81000,256.29000,248.45000,250.22000,226.45900,-2.10%,9037039
2018-10-12,254.39000,254.64000,250.30000,253.60000,229.51800,1.35%,7116658
2018-10-15,253.19000,254.56000,252.04000,252.21000,228.26000,-0.55%,3306202
2018-10-16,254.14000,258.10000,253.70000,257.58000,233.12000,2.13%,3308475
2018-10-17,257.75000,258.34000,255.07000,257.67000,233.20100,0.03%,2845791
2018-10-18,256.75000,257.35000,252.69000,254.05000,229.92500,-1.40%,3046804
2018-10-19,254.67000,256.62000,253.15000,253.85000,229.74400,-0.08%,2684216
2018-10-22,254.55000,254.86000,252.17000,252.80000,228.79400,-0.41%,2101976
2018-10-23,249.00000,252.58000,246.84000,251.28000,227.41800,-0.60%,5206532
2018-10-24,251.19000,251.55000,243.25000,243.78000,220.63000,-2.98%,4065746
2018-10-25,245.71000,249.79000,244.67000,248.15000,224.58500,1.79%,4443798
2018-10-26,244.34000,246.98000,241.04000,243.76000,220.61200,-1.77%,5278769
2018-10-29,247.03000,248.35000,238.79000,242.50000,219.47200,-0.52%,5126245
2018-10-30,242.31000,246.38000,241.80000,246.21000,222.83000,1.53%,3619131
2018-10-31,248.72000,251.08000,248.27000,248.79000,225.16500,1.05%,4073392
2018-11-01,249.63000,251.54000,248.46000,251.37000,227.50000,1.04%,2870694
2018-11-02,252.44000,252.90000,247.75000,249.81000,226.08800,-0.62%,3184459
2018-11-05,250.32000,251.79000,249.39000,251.23000,227.37300,0.57%,1912193
2018-11-06,251.18000,252.98000,251.12000,252.82000,228.81200,0.63%,2255176
2018-11-07,255.07000,258.32000,254.65000,258.16000,233.64500,2.11%,3090762
2018-11-08,257.49000,258.44000,256.65000,257.72000,233.24700,-0.17%,2467027
2018-11-09,256.50000,256.64000,253.81000,255.34000,231.09300,-0.92%,3078726
2018-11-12,254.69000,254.96000,249.95000,250.41000,226.63100,-1.93%,2710563
2018-11-13,250.96000,253.01000,249.28000,249.99000,226.25100,-0.17%,3097001
2018-11-14,251.96000,252.34000,246.66000,248.28000,224.70300,-0.68%,3619875
2018-11-15,247.02000,251.39000,245.43000,250.85000,227.02900,1.04%,3911900
2018-11-16,249.77000,252.47000,249.26000,251.49000,227.60800,0.26%,2342780
2018-11-19,250.94000,251.21000,246.35000,247.32000,223.83400,-1.66%,2973794
2018-11-20,243.84000,245.32000,241.83000,242.77000,219.71600,-1.84%,5000937
2018-11-21,244.24000,245.44000,243.52000,243.58000,220.44900,0.33%,2425494
2018-11-23,241.80000,243.34600,241.73000,242.01000,219.02900,-0.64%,830910
2018-11-26,244.23000,245.84000,243.85000,245.80000,222.45900,1.57%,2498530
2018-11-27,244.73000,246.60000,244.12000,246.57000,223.15500,0.31%,2849731
2018-11-28,247.72000,252.33000,246.75000,252.33000,228.36900,2.34%,3723260
2018-11-29,251.54000,253.25000,250.36000,251.81000,227.89800,-0.21%,3279417
2018-11-30,251.64000,253.94000,251.35000,253.48000,229.40900,0.66%,2992752
2018-12-03,257.65000,257.74000,255.06000,256.61000,232.24200,1.23%,3942694
2018-12-04,255.85000,256.27000,248.06000,248.65000,225.03800,-3.10%,3837367
2018-12-06,244.42000,248.09000,241.13000,248.02000,224.46800,-0.25%,7712736
2018-12-07,247.63000,249.24000,241.37000,242.26000,219.25500,-2.32%,3928373
2018-12-10,242.00000,243.62000,237.62000,242.55000,219.51700,0.12%,5983702
2018-12-11,245.95000,246.12000,241.19000,242.62000,219.58100,0.03%,4543174
2018-12-12,245.80000,247.16000,243.85000,243.96000,220.79300,0.55%,4117033
2018-12-13,244.86000,245.76000,242.70000,243.88000,220.72100,-0.03%,2610765
2018-12-14,241.65000,242.63000,238.77000,239.38000,216.64800,-1.85%,5088580
2018-12-17,237.06000,238.22000,231.68000,233.23000,212.24900,-2.57%,6127188
2018-12-18,235.00000,235.68000,231.48000,233.14000,212.16700,-0.04%,4691397
2018-12-19,233.21000,237.00000,227.78000,229.42000,208.78200,-1.60%,8215557
2018-12-20,228.35000,229.90000,223.54000,225.65000,205.35100,-1.64%,12141874
2018-12-21,226.74000,229.46000,220.57000,221.16000,201.26500,-1.99%,11811553
2018-12-24,219.74000,220.80000,215.07000,215.07000,195.72300,-2.75%,8493506
2018-12-26,216.88000,226.10000,214.83000,225.95000,205.62400,5.06%,11597965
2018-12-27,222.96000,228.12000,219.60000,228.05000,207.53500,0.93%,9578360
2018-12-28,229.32000,231.07000,226.51700,227.76000,207.27100,-0.13%,7436353
2018-12-31,229.31000,229.97000,227.45000,229.81000,209.13700,0.90%,6683957
2019-01-02,226.18000,230.85000,226.02000,229.99000,209.30000,0.08%,4891329
2019-01-03,228.10000,228.42000,223.97000,224.50000,204.30400,-2.39%,3330026
2019-01-04,227.54000,232.62000,227.15000,231.91000,211.04800,3.30%,5100088
2019-01-07,232.29000,235.23000,231.32000,233.65000,212.63100,0.75%,3706014
2019-01-08,236.05000,236.46000,233.43000,235.92000,214.69700,0.97%,3546649
2019-01-09,236.71000,237.94000,235.46000,237.01000,215.68900,0.46%,4564975
2019-01-10,235.65000,238.17000,234.85000,238.00000,216.59000,0.42%,2813503
2019-01-11,236.85000,238.00000,236.24000,237.89000,216.49000,-0.05%,2551033
2019-01-14,236.10000,237.39000,235.69000,236.58000,215.29800,-0.55%,2653373
2019-01-15,236.97000,239.59000,236.97000,239.35000,217.81800,1.17%,5103721
2019-01-16,239.72000,240.77000,239.52000,239.88000,218.30100,0.22%,4066725
2019-01-17,239.00000,242.55000,238.95000,241.67000,219.93000,0.75%,3058990
2019-01-18,243.56000,245.37000,242.76000,244.92000,222.88700,1.34%,4943293
2019-01-22,243.39000,243.58000,239.97000,241.66000,219.92100,-1.33%,5786312
2019-01-23,242.68000,243.34000,239.58000,242.02000,220.24800,0.15%,3076411
2019-01-24,241.90000,242.82000,240.91000,242.26000,220.46700,0.10%,2197083
2019-01-25,244.11000,245.11000,243.67000,244.32000,222.34100,0.85%,3677453
2019-01-28,242.09000,242.49000,240.63000,242.43000,220.62100,-0.77%,2407817
2019-01-29,242.55000,243.12000,241.27000,242.13000,220.34800,-0.12%,2436863
2019-01-30,243.66000,246.78000,242.88000,245.96000,223.83400,1.58%,6028369
2019-01-31,245.86000,248.53000,245.68000,248.01000,225.69900,0.83%,5308074
2019-02-01,248.31000,249.29000,247.46000,248.22000,225.89000,0.08%,3718458
2019-02-04,248.30000,250.02000,247.59000,249.99000,227.50100,0.71%,2541718
2019-02-05,250.44000,251.33000,249.92000,251.10000,228.51100,0.44%,3613583
2019-02-06,250.75000,251.22000,249.95000,250.79000,228.22900,-0.12%,2052224
2019-02-07,249.04000,249.58000,246.62000,248.33000,225.99000,-0.98%,3907773
2019-02-08,247.01000,248.71000,246.20000,248.65000,226.28200,0.13%,2512937
2019-02-11,249.28000,249.51000,248.22000,248.78000,226.40000,0.05%,2986595
2019-02-12,250.38000,252.36000,250.34000,252.00000,229.33000,1.29%,5980510
2019-02-13,252.82000,253.66000,252.39000,252.76000,230.02200,0.30%,3569322
2019-02-14,251.65000,253.36000,250.83000,252.20000,229.51200,-0.22%,3247823
2019-02-15,254.03000,255.00000,253.81000,254.98000,232.04200,1.10%,2806559
2019-02-19,254.15000,256.09000,254.15000,255.42000,232.44300,0.17%,2509320
2019-02-20,255.41000,256.38000,254.89000,256.01000,232.98000,0.23%,2156348
2019-02-21,255.33000,255.64000,254.04000,255.08000,232.13300,-0.36%,2020305
2019-02-22,255.69000,256.81000,255.45100,256.61000,233.52600,0.60%,2119396
2019-02-25,258.09000,258.61000,256.88000,256.99000,233.87100,0.15%,2941301
2019-02-26,256.55000,257.64000,256.41000,256.80000,233.69900,-0.07%,4629597
2019-02-27,256.06000,257.02000,255.10000,256.67000,233.58000,-0.05%,2136525
2019-02-28,256.42000,256.88000,255.85000,256.07000,233.03400,-0.23%,2207061
2019-03-01,257.81000,258.21000,256.33000,257.83000,234.63600,0.69%,2867054
2019-03-04,258.87000,259.10000,254.49000,256.84000,233.73500,-0.38%,3384212
2019-03-05,256.99000,257.17000,255.96000,256.54000,233.46200,-0.12%,2475939
2019-03-06,256.62000,256.62000,254.60000,254.90000,231.96900,-0.64%,2514851
2019-03-07,254.48000,254.60000,251.95000,252.85000,230.10400,-0.80%,6441203
2019-03-08,250.88000,252.45000,250.34000,252.34000,229.64000,-0.20%,4522303
2019-03-11,253.04000,256.12000,253.02000,256.02000,232.98900,1.46%,1884219
2019-03-12,256.52000,257.46000,256.37000,256.93000,233.81700,0.36%,2272244
2019-03-13,257.84000,259.59000,257.69000,258.68000,235.40900,0.68%,1974278
2019-03-14,258.68000,259.12000,258.04000,258.59000,235.32800,-0.03%,1557517
2019-03-15,259.02000,260.57000,258.87000,259.85000,236.47400,0.49%,3151255
2019-03-18,260.00000,260.99000,259.77000,260.78000,237.32000,0.36%,1830005
2019-03-19,261.81000,262.59000,259.88000,260.86000,237.39300,0.03%,4061805
2019-03-20,260.54000,261.77000,258.84000,259.93000,236.54700,-0.36%,3415587
2019-03-21,257.68000,261.86000,257.68000,261.43000,239.23600,0.58%,2968299
2019-03-22,260.07000,260.61000,256.37000,256.46000,234.68800,-1.90%,4317418
2019-03-25,256.09000,257.28000,254.95000,256.23000,234.47800,-0.09%,2893593
2019-03-26,258.01000,259.12000,256.73000,258.08000,236.17100,0.72%,3177622
2019-03-27,258.15000,258.73000,255.23000,256.88000,235.07200,-0.46%,2714361
2019-03-28,257.45000,258.22000,256.27000,257.88000,235.98800,0.39%,1716681
2019-03-29,259.34000,259.72000,258.18000,259.54000,237.50700,0.64%,2831325
2019-04-01,261.46000,262.78000,261.19000,262.53000,240.24300,1.15%,3304080
2019-04-02,262.67000,262.85000,261.81000,262.62000,240.32500,0.03%,1512626
2019-04-03,263.87000,264.25000,262.40000,263.11000,240.77400,0.19%,1937471
2019-04-04,263.37000,263.96000,262.67000,263.74000,241.35000,0.24%,1738462
2019-04-05,264.42000,265.06000,264.12000,265.01000,242.51200,0.48%,1504961
2019-04-08,264.57000,265.31000,263.91000,265.24000,242.72300,0.09%,1720280
2019-04-09,264.22000,264.54000,263.29000,263.83000,241.43200,-0.53%,2016861
2019-04-10,264.25000,264.84000,263.85000,264.74000,242.26500,0.34%,2990910
2019-04-11,265.24000,265.24000,264.09000,264.69000,242.21900,-0.02%,1567704
2019-04-12,266.33000,266.77000,265.63000,266.48000,243.85800,0.68%,1903391
2019-04-15,266.57000,266.64000,265.47000,266.30000,243.69300,-0.07%,1584741
2019-04-16,267.20000,267.24000,265.86000,266.49000,243.86700,0.07%,2448023
2019-04-17,267.59000,267.61000,265.40000,265.84000,243.27200,-0.24%,1872369
2019-04-18,266.44000,266.60000,265.08000,266.34000,243.72900,0.19%,2789064
2019-04-22,265.56000,266.71000,265.47000,266.60000,243.96700,0.10%,1126745
2019-04-23,266.96000,269.19000,266.71000,268.90000,246.07200,0.86%,2618323
2019-04-24,268.89000,269.21000,268.23000,268.37000,245.58700,-0.20%,1393371
2019-04-25,268.28000,268.88000,266.98000,268.27000,245.49600,-0.04%,1237409
2019-04-26,268.28000,269.54000,267.46000,269.50000,246.62100,0.46%,2172615
2019-04-29,269.56000,270.41000,269.46000,269.84000,246.93200,0.13%,1892536
2019-04-30,269.56000,270.31000,268.11000,270.01000,247.08800,0.06%,2024551
2019-05-01,270.68000,270.87000,268.00000,268.04000,245.28500,-0.73%,2669356
2019-05-02,267.88000,268.80000,265.93000,267.51000,244.80000,-0.20%,3009045
2019-05-03,268.92000,270.32000,268.70000,270.05000,247.12400,0.95%,1969316
2019-05-06,265.65000,269.36000,265.31000,268.98000,246.14500,-0.40%,3966927
2019-05-07,266.48000,267.08000,262.48000,264.62000,242.15500,-1.62%,4752538
2019-05-08,264.14000,265.82000,263.47000,264.10000,241.68000,-0.20%,2662696
2019-05-09,261.94000,263.84000,260.20000,263.29000,240.93800,-0.31%,3094808
2019-05-10,262.37000,265.38000,259.27000,264.52000,242.06400,0.47%,3132036
2019-05-13,259.37000,260.34000,257.07000,258.03000,236.12500,-2.45%,5548217
2019-05-14,258.99000,261.82000,258.84000,260.27000,238.17500,0.87%,4702647
2019-05-15,258.63000,262.45000,258.40000,261.81000,239.58400,0.59%,2444406
2019-05-16,262.47000,265.60000,262.45000,264.21000,241.78000,0.92%,3221513
2019-05-17,261.89000,265.02000,261.86000,262.61000,240.31600,-0.61%,2719513
2019-05-20,260.90000,262.11000,260.02000,260.82000,238.67800,-0.68%,2762623
2019-05-21,262.50000,263.51000,262.25000,263.03000,240.70000,0.85%,2760813
2019-05-22,262.12000,263.29000,261.87000,262.31000,240.04200,-0.27%,3421502
2019-05-23,260.08000,260.10000,257.68000,259.24000,237.23200,-1.17%,3813201
2019-05-24,260.60000,260.99000,259.06000,259.69000,237.64400,0.17%,1833053
2019-05-28,259.96000,260.96000,257.29000,257.36000,235.51200,-0.90%,2566079
2019-05-29,256.13000,256.52000,254.10000,255.59000,233.89200,-0.69%,4593562
2019-05-30,256.28000,257.18000,255.14000,256.30000,234.54200,0.28%,2977192
2019-05-31,253.63000,254.49000,252.77000,252.87000,231.40300,-1.34%,3698782
2019-06-03,252.83000,253.96000,250.77000,252.12000,230.71700,-0.30%,3825614
2019-06-04,254.48000,257.76000,254.03000,257.67000,235.79500,2.20%,3536293
2019-06-05,259.24000,259.88000,257.42000,259.85000,237.79000,0.85%,2646522
2019-06-06,260.17000,262.26000,259.51000,261.54000,239.33700,0.65%,2277840
2019-06-07,262.62000,265.29000,262.45000,264.15000,241.72500,1.00%,1877426
2019-06-10,265.76000,267.10000,265.30000,265.39000,242.86000,0.47%,2846143
2019-06-11,267.25000,267.65000,264.69000,265.34000,242.81400,-0.02%,1894531
2019-06-12,265.12000,265.70000,264.36000,264.84000,242.35700,-0.19%,1712276
2019-06-13,265.82000,266.36000,265.11000,266.02000,243.43700,0.45%,1813685
2019-06-14,265.71000,266.29000,264.91000,265.62000,243.07100,-0.15%,1203356
2019-06-17,265.94000,266.56000,265.62000,265.86000,243.29000,0.09%,1782613
2019-06-18,267.65000,269.66000,267.30000,268.51000,245.71500,1.00%,2340697
2019-06-19,268.74000,269.72000,267.76000,269.22000,246.36500,0.26%,1684486
2019-06-20,271.94000,272.19000,269.73000,271.73000,248.66200,0.93%,3288090
2019-06-21,271.53000,272.79000,271.17000,271.41000,248.36900,-0.12%,2225992
2019-06-24,271.59000,271.92000,270.90000,271.06000,248.04900,-0.13%,3518370
2019-06-25,271.10000,271.13000,268.27000,268.38000,245.59600,-0.99%,2287082
2019-06-26,269.30000,269.82000,268.02000,268.12000,245.35800,-0.10%,2988721
2019-06-27,267.49000,268.19000,267.17000,267.67000,246.21500,-0.17%,2054580
2019-06-28,268.70000,269.55000,268.18000,269.15000,247.57600,0.55%,2883271
2019-07-01,272.46000,272.65000,270.30000,271.44000,249.68300,0.85%,4505600
2019-07-02,271.47000,272.25000,270.62000,272.23000,250.40900,0.29%,3041654
2019-07-03,272.91000,274.37000,272.76000,274.32000,252.33200,0.77%,2335798
2019-07-05,273.14000,274.25000,271.86000,273.97000,252.01000,-0.13%,3362535
2019-07-08,272.79000,273.06000,272.03000,272.60000,250.75000,-0.50%,3131845
2019-07-09,271.40000,273.22000,271.34000,272.94000,251.06200,0.12%,2532925
2019-07-10,274.02000,275.19000,273.46000,274.21000,252.23100,0.47%,2853620
2019-07-11,274.87000,275.11000,273.85000,274.76000,252.73600,0.20%,2249449
2019-07-12,275.39000,276.19000,275.06000,276.11000,253.97800,0.49%,2932354
2019-07-15,276.53000,276.55000,275.71000,276.18000,254.04300,0.03%,1466344
2019-07-16,276.12000,276.27000,274.99000,275.28000,253.21500,-0.33%,1564200
2019-07-17,275.28000,275.40000,273.42000,273.42000,251.50400,-0.68%,1758128
2019-07-18,272.91000,274.79000,272.47000,274.42000,252.42400,0.37%,3464704
2019-07-19,275.52000,275.54000,272.70000,272.95000,251.07200,-0.54%,2319545
2019-07-22,273.32000,274.11000,272.79000,273.61000,251.67900,0.24%,1304991
2019-07-23,274.71000,275.50000,273.89000,275.49000,253.40800,0.69%,1752997
2019-07-24,274.78000,276.79000,274.67000,276.76000,254.57600,0.46%,1669885
2019-07-25,276.41000,276.41000,274.68000,275.41000,253.33400,-0.49%,1874216
2019-07-26,276.20000,277.55000,276.10000,277.38000,255.14600,0.72%,1796961
2019-07-29,277.23000,277.27000,276.26000,276.88000,254.68600,-0.18%,2925862
2019-07-30,275.45000,276.56000,275.04000,276.21000,254.07000,-0.24%,1751061
2019-07-31,276.39000,276.61000,271.07000,273.08000,251.19100,-1.13%,4910040
2019-08-01,273.28000,276.28000,269.94000,270.79000,249.08500,-0.84%,6920969
2019-08-02,269.89000,270.08000,267.15000,268.81000,247.26300,-0.73%,5310356
2019-08-05,264.57000,264.68000,258.70000,260.88000,239.96900,-2.95%,7354009
2019-08-06,262.53000,264.47000,261.06000,264.24000,243.06000,1.29%,4366766
2019-08-07,261.16000,265.23000,258.99000,264.42000,243.22500,0.07%,4261217
2019-08-08,266.00000,269.59000,265.40000,269.58000,247.97200,1.95%,3618814
2019-08-09,268.72000,269.29000,266.00000,267.70000,246.24200,-0.70%,2616286
2019-08-12,266.24000,266.79000,263.57000,264.56000,243.35400,-1.17%,2647649
2019-08-13,264.22000,270.10000,263.91000,268.66000,247.12500,1.55%,3405324
2019-08-14,264.56000,265.15000,260.57000,260.57000,239.68400,-3.01%,4354779
2019-08-15,261.62000,262.27000,259.34000,261.39000,240.43800,0.31%,2783321
2019-08-16,263.07000,265.68000,263.02000,265.22000,243.96100,1.47%,2433959
2019-08-19,268.36000,269.14000,267.64000,268.48000,246.96000,1.23%,1431401
2019-08-20,267.98000,268.49000,266.29000,266.40000,245.04700,-0.77%,1865144
2019-08-21,268.58000,268.93000,267.92000,268.56000,247.03300,0.81%,2012417
2019-08-22,269.28000,269.91000,266.70000,268.46000,246.94100,-0.04%,1886585
2019-08-23,267.19000,268.84000,260.33000,261.57000,240.60400,-2.57%,4216363
2019-08-26,263.81000,264.47000,262.27000,264.47000,243.27100,1.11%,2272271
2019-08-27,265.92000,266.26000,262.71000,263.43000,242.31500,-0.39%,2491178
2019-08-28,262.73000,265.45000,262.00000,265.26000,243.99800,0.69%,3124685
2019-08-29,267.91000,269.23000,266.90000,268.71000,247.17100,1.30%,3129402
2019-08-30,270.15000,270.21000,267.66000,268.60000,247.07000,-0.04%,4209570
2019-09-03,266.83000,267.80000,265.68000,267.11000,245.70000,-0.55%,3368558
2019-09-04,269.25000,270.06000,268.48000,269.97000,248.33000,1.07%,1486501
2019-09-05,272.57000,274.44000,272.46000,273.54000,251.61400,1.32%,1756647
2019-09-06,273.93000,274.39000,273.19000,273.74000,251.79800,0.07%,1890887
2019-09-09,274.80000,274.83000,272.96000,273.81000,251.86300,0.03%,2158474
2019-09-10,273.11000,273.88000,271.87000,273.87000,251.91800,0.02%,1869955
2019-09-11,274.15000,275.84000,273.50000,275.84000,253.73000,0.72%,2075595
2019-09-12,276.71000,277.80000,275.94000,276.65000,254.47500,0.29%,2431023
2019-09-13,277.21000,277.54000,276.15000,276.58000,254.41100,-0.03%,2292208
2019-09-16,275.38000,276.10000,275.04000,275.67000,253.57300,-0.33%,1432293
2019-09-17,275.46000,276.48000,275.34000,276.42000,254.26300,0.27%,1790871
2019-09-18,276.00000,276.68000,273.95000,276.59000,254.42000,0.06%,2030208
2019-09-19,277.00000,277.98000,276.23000,276.53000,254.36500,-0.02%,2269251
2019-09-20,277.18000,277.41000,274.50000,275.05000,253.00300,-0.54%,2061996
2019-09-23,274.59000,275.90000,274.33000,275.24000,253.17800,0.07%,1288348
2019-09-24,276.31000,276.68000,272.06000,272.96000,251.08100,-0.83%,5126188
2019-09-25,273.08000,275.08000,271.60000,274.63000,252.61700,0.61%,2649524
2019-09-26,273.34000,273.55000,271.35000,272.79000,252.12100,-0.67%,2355198
2019-09-27,273.56000,273.59000,269.72000,271.26000,250.70700,-0.56%,2838430
2019-09-30,271.82000,273.27000,271.79000,272.60000,251.94600,0.49%,2736176
2019-10-01,273.44000,274.08000,269.09000,269.32000,248.91400,-1.20%,3728498
2019-10-02,267.73000,267.73000,263.25000,264.57000,244.52400,-1.76%,4465628
2019-10-03,264.35000,266.73000,261.59000,266.67000,246.46500,0.79%,2992645
2019-10-04,267.45000,270.56000,267.36000,270.37000,249.88500,1.39%,1908821
2019-10-07,269.56000,271.16000,268.90000,269.21000,248.81300,-0.43%,1826967
2019-10-08,267.28000,268.02000,264.96000,265.03000,244.94900,-1.55%,2159139
2019-10-09,267.04000,268.44000,266.39000,267.50000,247.23200,0.93%,1924355
2019-10-10,267.42000,270.20000,267.25000,269.32000,248.91400,0.68%,1555284
2019-10-11,272.10000,274.35000,271.94000,272.13000,251.51100,1.04%,2810997
2019-10-14,271.79000,272.45000,271.48000,271.88000,251.28000,-0.09%,1215708
2019-10-15,272.87000,275.25000,272.77000,274.51000,253.71100,0.97%,1791654
2019-10-16,274.07000,274.73000,273.62000,274.08000,253.31400,-0.16%,1152897
2019-10-17,275.24000,275.72000,274.19000,274.82000,253.99800,0.27%,3102314
2019-10-18,274.36000,274.97000,272.81000,273.69000,252.95300,-0.41%,1154895
2019-10-21,275.05000,275.72000,274.57000,275.60000,254.71900,0.70%,3018321
2019-10-22,276.09000,276.33000,274.52000,274.63000,253.82200,-0.35%,1602448
2019-10-23,274.41000,275.48000,274.18000,275.44000,254.57100,0.29%,1296832
2019-10-24,276.38000,276.51000,275.05000,275.89000,254.98700,0.16%,2222066
2019-10-25,275.33000,277.54000,275.28000,277.04000,256.04900,0.42%,5501203
2019-10-28,278.22000,279.07000,278.22000,278.65000,257.53700,0.58%,1753157
2019-10-29,278.32000,279.43000,278.18000,278.47000,257.37100,-0.06%,1599601
2019-10-30,278.69000,279.69000,277.38000,279.45000,258.27700,0.35%,1818128
2019-10-31,279.35000,279.35000,277.15000,278.55000,257.44500,-0.32%,2312685
2019-11-01,280.05000,281.21000,279.91000,281.20000,259.89400,0.95%,2367874
2019-11-04,282.79000,282.90000,281.96000,282.32000,260.92900,0.40%,3797801
2019-11-05,282.58000,282.82000,281.71000,281.96000,260.59700,-0.13%,3002411
2019-11-06,282.04000,282.34000,281.12000,282.11000,260.73500,0.05%,1457574
2019-11-07,283.46000,284.23000,282.58000,283.11000,261.66000,0.35%,2693313
2019-11-08,282.74000,283.80000,282.00000,283.80000,262.29700,0.24%,2329582
2019-11-11,282.43000,283.37000,282.24000,283.25000,261.78900,-0.19%,1125761
2019-11-12,283.58000,284.72000,283.03000,283.81000,262.30600,0.20%,1726362
2019-11-13,282.83000,284.32000,282.59000,283.93000,262.41700,0.04%,1725419
2019-11-14,283.64000,284.40000,282.99000,284.31000,262.76900,0.13%,2244526
2019-11-15,285.64000,286.43000,285.00000,286.43000,264.72800,0.75%,1892508
2019-11-18,286.18000,286.85000,285.71000,286.61000,264.89400,0.06%,2288241
2019-11-19,287.24000,287.24000,285.88000,286.47000,264.76500,-0.05%,3297457
2019-11-20,285.91000,286.42000,283.89000,285.46000,263.83100,-0.35%,2818033
2019-11-21,285.52000,285.64000,284.17000,285.02000,263.42500,-0.15%,2309884
2019-11-22,285.75000,285.86000,284.60000,285.65000,264.00700,0.22%,1266917
2019-11-25,286.60000,287.84000,286.57000,287.82000,266.01300,0.76%,2045090
2019-11-26,287.91000,288.68000,287.57000,288.40000,266.54900,0.20%,1796549
2019-11-27,289.06000,289.78000,288.76000,289.76000,267.80600,0.47%,1631334
2019-11-29,289.25000,289.48000,288.48000,288.65000,266.78000,-0.38%,1988460
2019-12-02,289.03000,289.03000,285.84000,286.30000,264.60800,-0.81%,4417180
2019-12-03,283.52000,284.43000,282.10000,284.29000,262.75000,-0.70%,3246708
2019-12-04,285.41000,286.70000,285.07000,286.11000,264.43200,0.64%,3188798
2019-12-05,286.83000,286.83000,285.29000,286.64000,264.92200,0.19%,1596961
2019-12-06,288.58000,289.65000,288.55000,289.19000,267.27900,0.89%,1609482
2019-12-09,288.87000,289.52000,288.27000,288.31000,266.46600,-0.30%,1478905
2019-12-10,288.31000,288.94000,287.35000,288.04000,266.21600,-0.09%,1822726
2019-12-11,288.45000,289.08000,288.08000,288.79000,266.90900,0.26%,1825172
2019-12-12,288.85000,292.10000,288.61000,291.33000,269.25700,0.88%,3271841
2019-12-13,291.09000,292.76000,290.30000,291.44000,269.35800,0.04%,3519603
2019-12-16,293.26000,294.11000,293.22000,293.50000,271.26200,0.71%,3141758
2019-12-17,293.99000,294.19000,293.50000,293.56000,271.31800,0.02%,3658228
2019-12-18,294.02000,294.22000,293.57000,293.58000,271.33600,0.01%,3294019
2019-12-19,293.78000,294.88000,293.75000,294.80000,272.46400,0.42%,2331590
2019-12-20,295.89000,296.76000,295.78000,296.30000,273.85000,0.51%,4985628
2019-12-23,295.49000,295.53000,294.99000,295.16000,274.11700,-0.38%,2325151
2019-12-24,295.36000,295.40000,294.85000,295.16000,274.11700,,1305896
2019-12-26,295.56000,296.69000,295.52000,296.67000,275.52000,0.51%,2390284
2019-12-27,297.51000,297.51000,296.15000,296.67000,275.52000,,2225325
2019-12-30,296.75000,296.84000,294.51000,295.04000,274.00600,-0.55%,2345515
2019-12-31,294.53000,295.99000,294.17000,295.80000,274.71200,0.26%,2512714
2020-01-02,297.29000,298.45000,296.34000,298.42000,277.14500,0.89%,3140493
2020-01-03,295.22000,297.36000,295.04000,296.24000,275.12000,-0.73%,3247891
2020-01-06,294.42000,297.42000,294.35000,297.35000,276.15100,0.37%,2776901
2020-01-07,296.82000,297.27000,296.06000,296.53000,275.39000,-0.28%,2252161
2020-01-08,296.71000,299.31000,296.47000,298.06000,276.81000,0.52%,3719513
2020-01-09,299.73000,300.19000,299.09000,300.12000,278.72400,0.69%,2168455
2020-01-10,300.74000,300.86000,298.79000,299.26000,277.92500,-0.29%,3666750
2020-01-13,299.91000,301.32000,299.48000,301.24000,279.76400,0.66%,2727605
2020-01-14,300.89000,301.91000,300.32000,300.84000,279.39200,-0.13%,2620107
2020-01-15,300.81000,302.30000,300.69000,301.51000,280.01500,0.22%,2815330
2020-01-16,302.94000,304.04000,302.71000,304.03000,282.35500,0.84%,2559867
2020-01-17,304.77000,305.20000,304.20000,305.06000,283.31100,0.34%,2217975
2020-01-21,304.08000,305.22000,304.00000,304.43000,282.72600,-0.21%,2750347
2020-01-22,305.31000,305.92000,304.32000,304.51000,282.80100,0.03%,2743078
2020-01-23,303.84000,304.97000,302.66000,304.81000,283.07900,0.10%,2669164
2020-01-24,305.42000,305.52000,300.81000,302.03000,280.49700,-0.91%,3447467
2020-01-27,296.84000,298.73000,296.45000,297.23000,276.04000,-1.59%,4272055
2020-01-28,298.70000,301.22000,298.22000,300.45000,279.03000,1.08%,3457290
2020-01-29,301.78000,301.94000,299.92000,300.15000,278.75100,-0.10%,2736055
2020-01-30,298.04000,301.29000,297.30000,301.09000,279.62400,0.31%,4406905
2020-01-31,300.44000,300.60000,294.72000,295.69000,274.60900,-1.79%,6182968
2020-02-03,297.12000,299.67000,297.03000,297.84000,276.60600,0.73%,3252608
2020-02-04,301.50000,303.23000,301.16000,302.43000,280.86900,1.54%,2284256
2020-02-05,305.40000,306.08000,303.87000,305.85000,284.04500,1.13%,3045816
2020-02-06,306.80000,307.08000,305.81000,306.89000,285.01100,0.34%,1916267
2020-02-07,305.83000,306.59000,304.74000,305.33000,283.56200,-0.51%,2248957
2020-02-10,304.39000,307.56000,304.35000,307.52000,285.59600,0.72%,2238665
2020-02-11,308.93000,309.69000,307.61000,308.08000,286.11600,0.18%,2435906
2020-02-12,309.56000,310.27000,309.17000,310.06000,287.95500,0.64%,2073200
2020-02-13,308.60000,310.72000,308.36000,309.76000,287.67600,-0.10%,2038596
2020-02-14,310.11000,310.33000,309.00000,310.28000,288.15900,0.17%,1636993
2020-02-18,309.24000,309.82000,308.03000,309.43000,287.37000,-0.27%,3000061
2020-02-19,310.42000,311.59000,310.12000,310.92000,288.75400,0.48%,2245319
2020-02-20,310.35000,311.19000,306.67000,309.70000,287.62100,-0.39%,4608312
2020-02-21,308.30000,308.58000,305.62000,306.49000,284.63900,-1.04%,2678028
2020-02-24,296.96000,299.38000,295.17000,296.24000,275.12000,-3.34%,7077745
2020-02-25,297.73000,298.23000,286.36000,287.34000,266.85500,-3.00%,8438054
2020-02-26,288.61000,292.28000,285.48000,286.07000,265.67500,-0.44%,10233177
2020-02-27,280.57000,284.48000,273.36000,273.39000,253.89900,-4.43%,14860210
2020-02-28,265.32000,272.92000,262.25000,271.74000,252.36700,-0.60%,23179559
2020-03-02,274.00000,284.04000,270.49000,283.87000,263.63200,4.46%,12393798
2020-03-03,284.34000,288.32000,273.36000,276.04000,256.36000,-2.76%,9766553
2020-03-04,281.23000,287.65000,278.70000,287.48000,266.98500,4.14%,5244489
2020-03-05,280.30000,283.41000,275.61000,277.85000,258.04100,-3.35%,6188657
2020-03-06,269.32000,274.46000,266.60000,273.19000,253.71400,-1.68%,6668500
2020-03-09,253.89000,260.99000,251.15000,252.11000,234.13600,-7.72%,16341386
2020-03-10,260.48000,263.81000,250.00000,263.81000,246.09600,4.64%,10843545
2020-03-11,256.66000,257.72000,247.62000,250.73000,233.89500,-4.96%,11461212
2020-03-12,234.94000,243.68000,225.81000,226.48000,211.27300,-9.67%,24552548
2020-03-13,240.66000,247.78000,228.10000,247.64000,231.01200,9.34%,19523200
2020-03-16,222.85000,234.77000,218.14000,218.57000,203.89400,-11.74%,17190037
2020-03-17,223.75000,233.95000,216.60000,232.88000,217.24300,6.55%,15058905
2020-03-18,216.08000,224.74000,208.31000,220.15000,205.36800,-5.47%,20087629
2020-03-19,218.43000,226.00000,212.11000,220.34000,205.54500,0.09%,12386635
2020-03-20,222.80000,224.56000,210.05000,210.74000,196.59000,-4.36%,11519005
2020-03-23,209.63000,210.78000,200.55000,204.27000,190.55400,-3.07%,14088347
2020-03-24,216.39000,224.30000,214.83000,223.75000,208.72600,9.54%,13105547
2020-03-25,225.00000,235.51000,220.32000,226.62000,211.40300,1.28%,11855990
2020-03-26,229.27000,241.44000,228.85000,240.24000,224.10900,6.01%,12370849
2020-03-27,232.70000,239.64000,230.66000,232.86000,217.22400,-3.07%,11167600
2020-03-30,234.92000,241.10000,232.97000,240.39000,224.24900,3.23%,8705638
2020-03-31,239.45000,241.94000,235.44000,236.82000,220.91900,-1.49%,10333592
2020-04-01,227.92000,231.05000,224.13000,226.15000,210.96500,-4.51%,13684479
2020-04-02,225.33000,232.18000,224.72000,231.44000,215.90000,2.34%,6504976
2020-04-03,230.43000,232.71000,225.34000,228.02000,212.70900,-1.48%,5489369
2020-04-06,236.96000,245.30000,235.93000,243.53000,227.17800,6.80%,7577273
2020-04-07,251.92000,252.80000,243.46000,243.66000,227.29900,0.05%,12870939
2020-04-08,246.24000,253.05000,244.05000,251.93000,235.01400,3.39%,6936416
2020-04-09,255.12000,258.39000,253.14000,255.67000,238.50300,1.48%,8807341
2020-04-13,254.64000,254.95000,249.38000,253.19000,236.18900,-0.97%,7657728
2020-04-14,258.24000,261.63000,257.21000,260.92000,243.40000,3.05%,6621378
2020-04-15,255.08000,256.90000,253.11000,255.24000,238.10200,-2.18%,4877384
2020-04-16,256.51000,257.30000,253.40000,256.53000,239.30500,0.51%,5880497
2020-04-17,262.31000,264.00000,259.50000,263.61000,245.91000,2.76%,6737133
2020-04-20,259.65000,263.10000,258.58000,258.86000,241.47900,-1.80%,6481640
2020-04-21,254.25000,255.49000,250.00000,250.95000,234.10000,-3.06%,6510095
2020-04-22,255.83000,258.23000,254.48000,256.47000,239.24900,2.20%,5626265
2020-04-23,257.75000,260.90000,256.20000,256.42000,239.20200,-0.02%,7632248
2020-04-24,258.00000,260.70000,255.94000,260.14000,242.67300,1.45%,4768180
2020-04-27,262.01000,264.91000,261.57000,263.90000,246.18000,1.45%,3886145
2020-04-28,267.48000,267.79000,262.30000,262.68000,245.04200,-0.46%,5836500
2020-04-29,267.98000,271.00000,266.91000,269.45000,251.35800,2.58%,6756461
2020-04-30,268.08000,268.58000,265.23000,267.10000,249.16500,-0.87%,7361081
2020-05-01,262.14000,262.85000,258.74000,259.82000,242.37400,-2.73%,4789519
2020-05-04,257.92000,260.90000,256.53000,260.64000,243.13900,0.32%,4119615
2020-05-05,263.45000,265.81000,262.60000,263.04000,245.37800,0.92%,4424876
2020-05-06,264.71000,265.11000,261.14000,261.27000,243.72700,-0.67%,3013578
2020-05-07,264.45000,266.30000,263.90000,264.36000,246.60900,1.18%,3397249
2020-05-08,267.53000,269.14000,266.38000,268.78000,250.73300,1.67%,3205471
2020-05-11,266.78000,270.20000,266.43000,268.82000,250.77000,0.01%,3463511
2020-05-12,269.98000,270.40000,263.33000,263.41000,245.72300,-2.01%,5136343
2020-05-13,262.87000,263.90000,256.36000,258.74000,241.36700,-1.77%,5599664
2020-05-14,256.33000,262.00000,253.97000,261.86000,244.27700,1.21%,7725639
2020-05-15,259.54000,263.11000,258.56000,263.04000,245.37800,0.45%,3385864
2020-05-18,269.32000,272.70000,269.06000,271.08000,252.87800,3.06%,6756396
2020-05-19,270.61000,272.25000,268.34000,268.52000,250.49000,-0.94%,4906021
2020-05-20,271.92000,273.79000,271.69000,272.90000,254.57600,1.63%,4881047
2020-05-21,272.80000,273.59000,269.95000,270.94000,252.74800,-0.72%,3575984
2020-05-22,270.76000,271.72000,269.50000,271.55000,253.31700,0.23%,2294862
2020-05-26,277.53000,277.74000,274.55000,275.04000,256.57200,1.29%,4904172
2020-05-27,277.78000,279.05000,272.86000,279.05000,260.31300,1.46%,5144502
2020-05-28,280.03000,282.04000,277.81000,278.50000,259.80000,-0.20%,4630614
2020-05-29,278.03000,280.35000,275.36000,279.75000,260.96600,0.45%,7048743
2020-06-01,279.07000,281.49000,278.57000,280.97000,262.10400,0.44%,3888184
2020-06-02,281.79000,283.28000,280.46000,283.28000,264.25900,0.82%,4332176
2020-06-03,285.20000,287.93000,284.93000,287.02000,267.74800,1.32%,5502257
2020-06-04,286.00000,287.75000,284.20000,286.29000,267.06700,-0.25%,3813397
2020-06-05,291.63000,295.38000,291.61000,293.61000,273.89500,2.56%,6013481
2020-06-08,294.43000,297.32000,293.88000,297.17000,277.21600,1.21%,5552820
2020-06-09,294.49000,296.39000,293.63000,295.06000,275.24800,-0.71%,4680423
2020-06-10,295.53000,296.39000,292.59000,293.22000,273.53200,-0.62%,5590473
2020-06-11,286.36000,286.92000,275.80000,276.32000,257.76600,-5.76%,7719058
2020-06-12,283.35000,284.15000,274.50000,279.65000,260.87300,1.21%,6229840
2020-06-15,273.91000,283.35000,272.77000,282.20000,263.25100,0.91%,4411376
2020-06-16,290.05000,290.20000,282.83000,287.72000,268.40100,1.96%,5276413
2020-06-17,288.73000,289.02000,285.88000,286.40000,267.16900,-0.46%,2648832
2020-06-18,284.97000,287.12000,284.55000,286.66000,267.41200,0.09%,2741870
2020-06-19,290.04000,290.27000,283.67000,284.97000,265.83500,-0.59%,3477515
2020-06-22,284.35000,287.19000,283.26000,286.86000,267.59900,0.66%,2497735
2020-06-23,289.51000,290.43000,287.76000,288.16000,268.81100,0.45%,2497769
2020-06-24,286.08000,286.70000,278.97000,280.79000,261.93600,-2.56%,4521951
2020-06-25,280.26000,284.10000,278.22000,283.76000,264.70700,1.06%,3891040
2020-06-26,282.72000,282.92000,276.52000,277.11000,258.50300,-2.34%,4477820
2020-06-29,276.89000,279.72000,274.72000,279.70000,262.25600,0.93%,3464598
2020-06-30,279.29000,284.95000,279.15000,283.43000,265.75400,1.33%,5199133
2020-07-01,284.37000,286.51000,283.95000,285.37000,267.57300,0.68%,3702659
2020-07-02,288.76000,290.05000,286.18000,286.81000,268.92300,0.50%,3653217
2020-07-06,290.67000,291.58000,289.90000,291.26000,273.09500,1.55%,3559825
2020-07-07,289.67000,291.68000,287.89000,288.24000,270.26400,-1.04%,3406646
2020-07-08,289.00000,290.55000,287.29000,290.38000,272.27000,0.74%,2427311
2020-07-09,291.02000,291.30000,285.41000,288.90000,270.88300,-0.51%,3154633
2020-07-10,288.72000,292.01000,287.34000,291.80000,273.60200,1.00%,2711122
2020-07-13,294.10000,296.45000,288.61000,289.16000,271.12600,-0.90%,3644507
2020-07-14,287.79000,293.32000,286.63000,293.03000,274.75500,1.34%,4024306
2020-07-15,296.19000,296.75000,293.35000,295.63000,277.19300,0.89%,6582265
2020-07-16,293.80000,295.11000,293.15000,294.77000,276.38700,-0.29%,3729551
2020-07-17,295.72000,296.35000,293.75000,295.55000,277.11800,0.26%,2244917
2020-07-20,295.33000,298.68000,294.60000,298.01000,279.42400,0.83%,2537064
2020-07-21,299.86000,300.35000,297.66000,298.63000,280.00600,0.21%,3655554
2020-07-22,298.22000,300.56000,298.11000,300.33000,281.60000,0.57%,4121139
2020-07-23,299.93000,300.62000,295.38000,296.74000,278.23400,-1.20%,3487108
2020-07-24,294.86000,295.81000,293.30000,294.82000,276.43300,-0.65%,2850971
2020-07-27,295.48000,297.12000,294.74000,296.97000,278.44900,0.73%,2253331
2020-07-28,296.18000,297.33000,294.79000,295.13000,276.72400,-0.62%,3135561
2020-07-29,296.00000,299.26000,295.90000,298.70000,280.07100,1.21%,2370847
2020-07-30,295.74000,298.06000,293.67000,297.61000,279.04900,-0.36%,2951740
2020-07-31,299.45000,300.10000,295.24000,300.10000,281.38400,0.84%,4460643
2020-08-03,301.65000,302.82200,301.13000,301.99000,283.15600,0.63%,3769021
2020-08-04,301.22000,303.26000,301.22000,303.26000,284.34700,0.42%,2129215
2020-08-05,304.61000,305.40000,304.31000,305.15000,286.11900,0.62%,2620744
2020-08-06,304.58000,307.29000,304.25000,307.20000,288.04100,0.67%,4088158
2020-08-07,306.23000,307.60000,305.32200,307.36000,288.19100,0.05%,3319618
2020-08-10,307.88000,308.50000,305.92000,308.34000,289.11000,0.32%,2118154
2020-08-11,309.52000,310.11600,305.07000,305.85000,286.77600,-0.81%,3571230
2020-08-12,308.25000,310.81000,308.20000,310.04000,290.70400,1.37%,2953661
2020-08-13,309.30000,310.78000,308.56000,309.51000,290.20700,-0.17%,4074194
2020-08-14,309.15000,310.02000,308.34000,309.51000,290.20700,,2098031
2020-08-17,310.44000,310.87000,310.09000,310.51000,291.14500,0.32%,2157570
2020-08-18,310.93000,311.55000,309.28000,311.16000,291.75400,0.21%,2415819
2020-08-19,311.55000,312.28000,309.31000,309.84000,290.51700,-0.42%,2498298
2020-08-20,308.11000,311.27000,308.02000,310.82000,291.43600,0.32%,2409269
2020-08-21,310.48000,312.10000,310.17000,311.93000,292.47600,0.36%,2316223
2020-08-24,314.35500,315.17000,313.37000,315.10000,295.44900,1.02%,2349556
2020-08-25,315.69000,316.26000,314.50000,316.20000,296.48000,0.35%,2890833
2020-08-26,316.75000,319.63000,316.25000,319.43000,299.50900,1.02%,2605983
2020-08-27,320.22000,321.50300,318.47000,320.07000,300.10900,0.20%,2295927
2020-08-28,321.14000,322.28000,319.95000,322.15000,302.05900,0.65%,3538745
2020-08-31,321.98000,322.83000,320.80000,321.02000,300.99900,-0.35%,5067980
2020-09-01,321.81000,324.10000,320.94000,324.02000,303.81200,0.93%,3010783
2020-09-02,325.94000,329.67000,324.78000,328.74000,308.23800,1.46%,5273074
2020-09-03,327.01000,327.51000,314.81000,317.36000,297.56800,-3.46%,6891967
2020-09-04,317.77000,319.60000,306.90000,314.82000,295.18600,-0.80%,5133935
2020-09-08,309.35000,310.59000,305.85000,306.17000,287.07600,-2.75%,4278260
2020-09-09,310.14500,314.66000,309.29000,312.21000,292.73900,1.97%,3339835
2020-09-10,314.05000,314.71000,305.82000,306.75000,287.61900,-1.75%,3588984
2020-09-11,308.55000,309.59000,304.17000,306.98000,287.83500,0.07%,3690254
2020-09-14,310.08000,312.75000,309.61000,310.97000,291.57600,1.30%,3056093
2020-09-15,313.47000,314.26000,311.52000,312.57000,293.07600,0.51%,2570928
2020-09-16,313.81000,315.18000,311.04000,311.31000,291.89500,-0.40%,2316222
2020-09-17,306.48000,310.27000,305.96000,308.59000,289.34500,-0.87%,2848323
2020-09-18,309.44000,309.48000,302.55000,305.00000,285.97900,-1.16%,3421015
2020-09-21,300.47000,301.75000,296.83000,301.69000,282.87500,-1.09%,4536837
2020-09-22,303.11000,305.24000,300.67000,304.74000,285.73500,1.01%,2741533
2020-09-23,305.28000,305.55000,297.17000,297.68000,279.11500,-2.32%,2755784
2020-09-24,296.31000,301.46000,295.04000,298.50000,279.88400,0.28%,3130664
2020-09-25,297.57500,304.04000,296.72000,303.28000,284.36600,1.60%,2683969
2020-09-28,307.42000,309.02000,306.43000,308.36000,289.12900,1.68%,2437913
2020-09-29,306.84000,307.51000,304.65000,305.30000,287.48700,-0.99%,2307331
2020-09-30,306.04000,310.75000,305.85000,307.65000,289.70000,0.77%,4304504
2020-10-01,310.16000,311.11000,307.76000,309.60000,291.53600,0.63%,3005650
2020-10-02,304.72000,308.58000,304.21500,306.72000,288.82400,-0.93%,3125089
2020-10-05,308.69000,312.29000,308.69000,312.08000,293.87100,1.75%,2364454
2020-10-06,312.25000,314.32000,307.18100,307.72000,289.76600,-1.40%,3389808
2020-10-07,310.60700,313.81000,310.60000,313.00000,294.73700,1.72%,1707831
2020-10-08,314.96000,315.85000,314.05000,315.77000,297.34600,0.88%,1731711
2020-10-09,317.47000,319.10000,316.85000,318.58000,299.99200,0.89%,2794077
2020-10-12,321.14000,325.22200,320.66000,323.72000,304.83200,1.61%,2194283
2020-10-13,323.64000,323.73000,320.70700,321.65000,302.88300,-0.64%,2229739
2020-10-14,322.22000,323.30000,318.93000,319.64000,300.99000,-0.62%,1907791
2020-10-15,315.71000,319.70000,315.22500,319.26000,300.63200,-0.12%,2487096
2020-10-16,320.65000,322.21000,318.90000,318.99000,300.37800,-0.08%,1669931
2020-10-19,320.30000,320.89000,313.33000,314.17000,295.83900,-1.51%,2229583
2020-10-20,315.48000,318.67000,314.77900,315.41000,297.00700,0.39%,3066561
2020-10-21,315.41000,317.52200,314.59000,314.84000,296.47000,-0.18%,2607729
2020-10-22,315.06000,317.16000,312.99000,316.57000,298.09900,0.55%,2362400
2020-10-23,317.84000,317.84000,315.24000,317.65000,299.11600,0.34%,1429454
2020-10-26,314.31000,315.08000,308.36000,311.80000,293.60700,-1.84%,3335822
2020-10-27,312.18000,312.47000,310.55800,310.77000,292.63800,-0.33%,2196107
2020-10-28,305.13000,305.74000,299.61500,300.07000,282.56200,-3.44%,5650454
2020-10-29,300.32000,306.25000,298.69000,303.23000,285.53800,1.05%,5365171
2020-10-30,301.56000,302.86000,296.37000,299.82000,282.32600,-1.12%,5892432
2020-11-02,303.37000,305.31000,300.63000,303.31000,285.61300,1.16%,4080396
2020-11-03,306.57000,310.74000,306.09000,308.66000,290.65100,1.76%,3378343
2020-11-04,313.19000,319.65000,312.00000,315.61000,297.19500,2.25%,5750173
2020-11-05,320.94000,323.55000,320.52000,321.79000,303.01500,1.96%,3950281
2020-11-06,321.44000,322.92000,319.42500,321.75000,302.97700,-0.01%,3640619
2020-11-09,334.36000,335.20000,325.28000,325.76000,306.75300,1.25%,8097281
2020-11-10,324.77000,326.30000,322.06000,325.34000,306.35700,-0.13%,4120821
2020-11-11,327.42000,328.50000,326.17000,327.63000,308.51400,0.70%,2773482
2020-11-12,326.74000,327.44000,322.73000,324.60000,305.66100,-0.92%,2539783
2020-11-13,326.45000,329.73000,325.89000,329.01000,309.81300,1.36%,1998446
2020-11-16,331.65000,333.12000,330.40500,333.00000,313.57100,1.21%,3018755
2020-11-17,330.73000,332.50000,329.25000,331.34000,312.00700,-0.50%,3052136
2020-11-18,331.63000,332.14000,327.29000,327.32000,308.22200,-1.21%,2647827
2020-11-19,326.76000,329.09000,325.41000,328.69000,309.51200,0.42%,2962161
2020-11-20,328.41000,328.65800,326.40000,326.49000,307.44000,-0.67%,3517557
2020-11-23,328.28000,329.60000,326.06000,328.42000,309.25800,0.59%,2222635
2020-11-24,331.02000,334.25000,330.10000,333.74000,314.26700,1.62%,2597519
2020-11-25,333.67000,333.67000,332.15000,333.19000,313.74900,-0.16%,2256860
2020-11-27,334.28500,334.61000,333.18000,334.14000,314.64400,0.29%,984710
2020-11-30,333.40000,333.63000,330.04000,332.64000,313.23200,-0.45%,4175707
2020-12-01,335.92000,337.80000,335.32000,336.30000,316.67800,1.10%,3181534
2020-12-02,335.22000,337.11000,334.65000,337.01000,317.34700,0.21%,2270336
2020-12-03,336.91000,338.30000,335.88000,336.91000,317.25200,-0.03%,2851086
2020-12-04,337.50500,339.84000,337.45000,339.81000,319.98300,0.86%,2907285
2020-12-07,339.07000,339.63000,337.91000,339.18000,319.39000,-0.19%,1943081
2020-12-08,337.89000,340.70000,337.85000,340.16000,320.31300,0.29%,1948194
2020-12-09,340.79000,340.93300,336.26000,337.14000,317.46900,-0.89%,2545788
2020-12-10,335.74000,338.00000,334.84200,336.98000,317.31800,-0.05%,2738559
2020-12-11,335.31000,336.80000,333.77000,336.55000,316.91300,-0.13%,2387889
2020-12-14,338.76000,339.79000,334.89000,335.01000,315.46300,-0.46%,2654634
2020-12-15,337.64000,339.64000,336.24000,339.64000,319.82300,1.38%,2762601
2020-12-16,339.83000,341.04000,338.96000,340.16000,320.31300,0.15%,2943154
2020-12-17,341.77000,342.25000,340.96000,342.01000,322.05500,0.54%,2626995
2020-12-18,342.39000,342.50000,338.70000,340.64000,320.76500,-0.40%,6025650
2020-12-21,336.83000,340.38000,334.11000,339.59000,319.77600,-0.31%,3918085
2020-12-22,338.47000,338.55000,336.47000,337.54000,319.14800,-0.60%,2381325
2020-12-23,338.54000,339.75000,337.69000,337.81000,319.40300,0.08%,3682167
2020-12-24,338.37000,339.18000,337.77000,339.16000,320.68000,0.40%,1447667
2020-12-28,341.74000,342.46000,341.09000,342.11000,323.46900,0.87%,2761273
2020-12-29,343.63000,343.77000,340.87000,341.39000,322.78800,-0.21%,2555542
2020-12-30,342.28000,342.91000,341.56500,341.85000,323.22300,0.13%,2009135
2020-12-31,341.82000,344.37000,341.23000,343.69000,324.96300,0.54%,3507320
2021-01-04,345.02000,345.09000,335.37000,339.03000,320.55700,-1.36%,5402614
2021-01-05,338.40000,342.39000,338.39000,341.26000,322.66500,0.66%,3299716
2021-01-06,339.79000,346.50000,339.30000,343.33000,324.62200,0.61%,4804950
2021-01-07,345.74000,349.20000,345.54000,348.46000,329.47300,1.49%,3638857
2021-01-08,349.88000,350.61900,346.64000,350.42000,331.32600,0.56%,3758462
2021-01-11,347.36000,349.82000,347.20200,348.13000,329.16100,-0.65%,2987858
2021-01-12,348.30000,349.15000,345.97000,348.16000,329.18900,0.01%,2291537
2021-01-13,348.11000,350.06000,347.32000,349.03000,330.01200,0.25%,3039926
2021-01-14,349.85000,350.31800,347.55000,347.85000,328.89600,-0.34%,3497443
2021-01-15,346.27000,347.06000,343.53000,345.37000,326.55100,-0.71%,3622148
2021-01-19,347.80000,348.58700,346.36000,348.10000,329.13200,0.79%,3433790
2021-01-20,350.32000,353.71000,349.97000,352.83000,333.60500,1.36%,2920573
2021-01-21,353.46000,353.83500,352.30200,353.16000,333.91700,0.09%,2582562
2021-01-22,351.38000,353.04000,350.99000,351.90000,332.72500,-0.36%,1812174
2021-01-25,352.71000,353.68100,347.97000,353.33000,334.07700,0.41%,3548997
2021-01-26,354.23000,354.64500,352.60000,352.80000,333.57600,-0.15%,2430244
2021-01-27,349.54000,349.56000,341.99000,344.24000,325.48300,-2.43%,5010372
2021-01-28,345.97000,351.07100,345.58000,347.13000,328.21500,0.84%,3432188
2021-01-29,345.31000,346.22000,338.57000,340.18000,321.64400,-2.00%,5803647
2021-02-01,343.63000,346.85000,341.40000,345.77000,326.92900,1.64%,3334009
2021-02-02,349.05000,352.34000,349.00000,350.74000,331.62900,1.44%,2909313
2021-02-03,351.70000,352.80000,349.88000,351.09000,331.96000,0.10%,3392809
2021-02-04,352.12000,355.04000,351.92000,355.02000,335.67500,1.12%,1988342
2021-02-05,356.90000,357.13100,355.31600,356.44000,337.01800,0.40%,2091756
2021-02-08,357.92000,359.07000,357.06000,359.07000,339.50500,0.74%,3371070
2021-02-09,358.22000,359.33000,357.77000,358.78000,339.23100,-0.08%,1882162
2021-02-10,360.53000,360.61000,356.30000,358.64000,339.09800,-0.04%,2388804
2021-02-11,359.71000,360.10000,356.83800,359.22000,339.64700,0.16%,2237200
2021-02-12,358.45000,361.19000,358.36000,361.05000,341.37700,0.51%,2144471
2021-02-16,362.15000,362.37000,359.98000,360.71000,341.05500,-0.09%,4408452
2021-02-17,359.03000,360.97000,357.92200,360.79000,341.13100,0.02%,3208028
2021-02-18,358.24000,359.93000,356.49000,359.25000,339.67500,-0.43%,3017068
2021-02-19,360.47000,360.71000,358.14000,358.59000,339.05100,-0.18%,2487098
2021-02-22,355.84000,358.19000,355.56000,355.77000,336.38500,-0.79%,3231900
2021-02-23,353.69000,357.56000,349.53000,356.22000,336.81000,0.13%,5251055
2021-02-24,355.15000,360.58000,354.20000,360.16000,340.53500,1.11%,3301220
2021-02-25,359.03000,360.27000,350.08000,351.52000,332.36600,-2.40%,6981285
2021-02-26,353.47000,354.46800,347.71000,349.59000,330.54100,-0.55%,7450604
2021-03-01,354.55000,359.39000,354.50000,358.12000,338.60600,2.44%,3725252
2021-03-02,358.38000,358.63000,355.16000,355.35000,335.98700,-0.77%,5462610
2021-03-03,354.70000,355.64000,350.56000,350.66000,331.55300,-1.32%,6317636
2021-03-04,350.49000,353.02000,341.91500,346.34000,327.46800,-1.23%,6604466
2021-03-05,349.77000,353.73000,342.59000,352.69000,333.47200,1.83%,8721265
2021-03-08,353.63000,356.40000,350.66000,350.96000,331.83700,-0.49%,5663478
2021-03-09,354.75000,358.46000,354.23000,355.87000,336.47900,1.40%,6075087
2021-03-10,358.30000,359.84000,356.88000,358.07000,338.55900,0.62%,7231407
2021-03-11,360.66000,363.76000,360.16100,361.85000,342.13300,1.06%,3340718
2021-03-12,360.50000,362.45000,359.66600,362.36000,342.61500,0.14%,4847336
2021-03-15,362.67000,364.75000,360.45000,364.46000,344.60100,0.58%,3162271
2021-03-16,365.12000,365.78000,363.25000,364.05000,344.21300,-0.11%,3698397
2021-03-17,362.83000,366.05000,361.62000,365.24000,345.33900,0.33%,5011554
2021-03-18,362.73000,364.76000,359.28000,359.87000,340.26100,-1.47%,5073991
2021-03-19,359.65000,361.17000,357.14000,359.23000,339.65600,-0.18%,5382753
2021-03-22,359.79000,363.50000,359.76000,362.07000,342.34100,0.79%,3417647
2021-03-23,361.53000,362.94000,358.51000,359.41000,339.82600,-0.73%,4954604
2021-03-24,360.71000,362.27000,357.42000,357.42000,337.94500,-0.55%,4098983
2021-03-25,356.08000,360.24000,354.14000,359.43000,339.84500,0.56%,5487296
2021-03-26,359.37000,364.37000,358.75000,364.01000,345.36900,1.27%,3322643
2021-03-29,362.57000,364.68000,361.11000,363.79000,345.16000,-0.06%,3143331
2021-03-30,362.56000,363.47000,361.27000,362.86000,344.27800,-0.26%,3696168
2021-03-31,363.39000,365.82000,363.39000,364.30000,345.64400,0.40%,7470344
2021-04-01,366.20000,368.29000,366.03000,368.16000,349.30700,1.06%,5131981
2021-04-05,370.89000,374.07000,370.81000,373.47000,354.34500,1.44%,3764095
2021-04-06,373.04000,374.33000,372.67000,373.26000,354.14600,-0.06%,3583491
2021-04-07,373.14000,374.08000,372.72000,373.73000,354.59100,0.13%,2768895
2021-04-08,374.97000,375.56000,374.06000,375.55000,356.31800,0.49%,3949423
2021-04-09,375.42000,378.40000,375.33000,378.25000,358.88000,0.72%,2627530
2021-04-12,377.70000,378.65000,377.08000,378.42000,359.04100,0.04%,2747529
2021-04-13,378.37000,380.12000,377.92000,379.45000,360.01900,0.27%,2985533
2021-04-14,379.46000,380.51000,377.70000,378.23000,358.86100,-0.32%,3691057
2021-04-15,380.33000,382.54000,380.28000,382.29000,362.71300,1.07%,3573828
2021-04-16,383.55800,384.15000,382.19000,383.63000,363.98500,0.35%,3252459
2021-04-19,382.62000,383.09000,380.37000,381.74000,362.19100,-0.49%,3945743
2021-04-20,380.49000,381.16000,377.46500,378.94000,359.53500,-0.73%,4106739
2021-04-21,378.28000,382.67000,378.14000,382.50000,362.91200,0.94%,3640080
2021-04-22,382.32000,383.11500,377.96000,378.99000,359.58200,-0.92%,3965016
2021-04-23,379.57000,384.45500,379.46000,383.03000,363.41500,1.07%,3783209
2021-04-26,383.73000,384.45000,383.32000,383.86000,364.20300,0.22%,3125214
2021-04-27,384.20000,384.38000,382.72000,383.74000,364.08900,-0.03%,3370642
2021-04-28,384.10000,385.16900,383.24000,383.56000,363.91800,-0.05%,3960389
2021-04-29,386.40000,386.74000,382.81000,386.12000,366.34700,0.67%,4209880
2021-04-30,383.91000,384.76000,382.73000,383.57000,363.92800,-0.66%,5219206
2021-05-03,385.56000,385.94000,383.96000,384.44000,364.75300,0.23%,4180812
2021-05-04,382.52000,382.96000,378.45000,382.10000,362.53300,-0.61%,5485646
2021-05-05,383.72000,383.91000,381.63000,382.17000,362.59900,0.02%,2319217
2021-05-06,382.26000,385.37000,380.27000,385.28000,365.55000,0.81%,4737289
2021-05-07,386.02000,388.68000,385.33000,388.03000,368.15900,0.71%,3516620
2021-05-10,388.41000,388.66000,384.09000,384.23000,364.55400,-0.98%,5942697
2021-05-11,379.75000,381.74000,376.95000,380.86000,361.35600,-0.88%,7081501
2021-05-12,378.04000,379.27000,372.13000,372.73000,353.64300,-2.13%,7707441
2021-05-13,374.21000,379.05000,374.17000,377.16000,357.84600,1.19%,7188191
2021-05-14,379.81000,383.79000,379.81000,382.95000,363.33900,1.54%,5167919
2021-05-17,381.90000,382.75000,380.00000,382.03000,362.46600,-0.24%,3781587
2021-05-18,382.25000,382.47000,378.54000,378.73000,359.33500,-0.86%,3128310
2021-05-19,374.06000,377.84000,372.62000,377.73000,358.38700,-0.26%,5086270
2021-05-20,378.57000,382.99000,378.45000,381.76000,362.21000,1.07%,4776714
2021-05-21,383.23000,384.45000,381.01000,381.47000,361.93500,-0.08%,3567453
2021-05-24,383.69000,386.40000,383.44000,385.32000,365.58800,1.01%,2962453
2021-05-25,386.40000,386.76000,383.94000,384.51000,364.81900,-0.21%,4031807
2021-05-26,385.09000,385.75000,384.07000,385.21000,365.48400,0.18%,2642705
2021-05-27,386.28200,386.78000,385.32000,385.38000,365.64500,0.04%,3015864
2021-05-28,387.03000,387.27000,385.94000,386.13000,366.35600,0.19%,3371117
2021-06-01,388.50000,388.62000,385.38000,385.83000,366.07200,-0.08%,4389042
2021-06-02,386.45000,387.24000,385.47000,386.48000,366.68900,0.17%,3209191
2021-06-03,384.17000,386.11000,382.70000,385.01000,365.29400,-0.38%,3390955
2021-06-04,386.81000,388.80000,386.76000,388.50000,368.60500,0.91%,2628143
2021-06-07,388.52000,388.69000,387.25000,388.17000,368.29200,-0.08%,2500620
2021-06-08,389.00000,389.08000,386.44000,388.23000,368.34900,0.02%,2386617
2021-06-09,389.08000,389.13000,387.41000,387.62000,367.77000,-0.16%,2968089
2021-06-10,388.86000,390.36000,387.58000,389.41000,369.46900,0.46%,2611815
2021-06-11,390.00000,390.20000,388.73000,390.09000,370.11400,0.17%,2241500
2021-06-14,390.21000,391.07000,389.00000,391.07000,371.04400,0.25%,2252205
2021-06-15,391.15000,391.20000,389.41000,390.25000,370.26500,-0.21%,2405039
2021-06-16,390.41900,390.58000,386.02000,388.11000,368.23500,-0.55%,4100221
2021-06-17,387.62000,388.91000,385.50000,387.97000,368.10200,-0.04%,4065333
2021-06-18,384.79000,385.38000,382.52000,382.82000,363.21600,-1.33%,5211110
2021-06-21,384.50000,388.38000,383.65000,388.18000,368.30200,1.40%,4389779
2021-06-22,388.24000,391.09000,387.47000,390.24000,370.25600,0.53%,2705442
2021-06-23,390.35000,391.14000,389.70000,389.82000,369.85800,-0.11%,2404155
2021-06-24,391.89000,392.51900,391.67000,392.05000,371.97300,0.57%,2987820
2021-06-25,392.90000,393.92000,392.54000,393.50000,373.34900,0.37%,2863066
2021-06-28,394.03000,394.45000,392.83000,394.32000,374.12700,0.21%,2418472
2021-06-29,393.35000,393.94000,392.66000,393.16000,374.29100,-0.29%,2927626
2021-06-30,392.72000,394.13100,392.72000,393.52000,374.63400,0.09%,3795925
2021-07-01,394.30000,395.85000,394.20600,395.74000,376.74700,0.56%,3414515
2021-07-02,396.85000,399.05000,396.52500,398.75000,379.61300,0.76%,4363111
2021-07-06,398.77000,398.99000,395.30000,398.00000,378.89900,-0.19%,4331346
2021-07-07,398.67000,399.66000,396.68000,399.37000,380.20300,0.34%,4747830
2021-07-08,394.20000,396.88000,393.02000,396.19000,377.17600,-0.80%,5817105
2021-07-09,397.63000,400.65000,397.42000,400.37000,381.15500,1.06%,3332168
2021-07-12,400.30000,402.03000,399.87000,401.82000,382.53600,0.36%,2929163
2021-07-13,401.08000,402.50000,400.18000,400.46000,381.24100,-0.34%,4313092
2021-07-14,402.06000,402.57000,399.82000,401.01000,381.76400,0.14%,3332211
2021-07-15,399.74000,400.38000,397.80500,399.72000,380.53600,-0.32%,4483895
2021-07-16,400.84000,400.88000,396.14000,396.61000,377.57600,-0.78%,4516552
2021-07-19,391.78000,392.26000,387.93000,390.68000,371.93000,-1.50%,12336206
2021-07-20,391.34500,397.50000,390.01000,396.20000,377.18500,1.41%,4043076
2021-07-21,397.48000,399.62000,397.27000,399.53000,380.35500,0.84%,2996601
2021-07-22,399.71000,400.56000,398.70000,400.38000,381.16500,0.21%,2575749
2021-07-23,402.17000,404.75000,401.58000,404.38000,384.97300,1.00%,3151949
2021-07-26,403.92000,405.42000,403.82000,405.41000,385.95300,0.25%,2374331
2021-07-27,404.45000,404.45000,400.80000,403.61000,384.24000,-0.44%,3626075
2021-07-28,404.17000,404.76000,402.04000,403.39000,384.03000,-0.05%,3763730
2021-07-29,404.36000,406.13000,404.35000,405.13000,385.68700,0.43%,2212865
2021-07-30,402.59000,404.53000,402.47000,403.15000,383.80200,-0.49%,5204480
2021-08-02,404.78000,405.36000,401.94000,402.33000,383.02100,-0.20%,5814735
2021-08-03,403.08000,405.66000,400.92000,405.58000,386.11500,0.81%,4129628
2021-08-04,404.31000,404.86000,403.34000,403.64000,384.26800,-0.48%,3880216
2021-08-05,404.70000,406.19000,404.38000,406.16000,386.66700,0.62%,3052826
2021-08-06,406.44000,407.18000,406.17000,406.86000,387.33400,0.17%,2486923
2021-08-09,406.75000,407.04900,405.69000,406.47000,386.96200,-0.10%,1984384
2021-08-10,406.91000,407.67000,406.23000,406.98000,387.44800,0.13%,2400730
2021-08-11,408.00000,408.07000,406.91000,407.96000,388.38100,0.24%,3554430
2021-08-12,407.82000,409.33000,406.97000,409.15000,389.51400,0.29%,2320453
2021-08-13,409.64000,409.96000,409.18000,409.96000,390.28500,0.20%,2223563
2021-08-16,408.71000,411.01000,407.15000,410.94000,391.21800,0.24%,3385158
2021-08-17,408.41000,409.05000,405.31000,408.23000,388.63800,-0.66%,5186251
2021-08-18,407.22000,408.75000,403.54000,403.84000,384.45900,-1.08%,4878277
2021-08-19,401.09000,405.55000,400.93100,404.41000,385.00100,0.14%,5505717
2021-08-20,404.68000,407.92000,404.26000,407.61000,388.04800,0.79%,3263571
2021-08-23,409.25000,412.08000,409.23000,411.22000,391.48400,0.89%,3259398
2021-08-24,411.90000,412.36000,411.35000,411.87000,392.10300,0.16%,3006487
2021-08-25,412.06000,413.21000,411.67000,412.63000,392.82700,0.18%,3261412
2021-08-26,412.41000,412.66000,410.20000,410.22000,390.53200,-0.58%,4707561
2021-08-27,411.09000,414.33000,411.02000,413.86000,393.99800,0.89%,3882200
2021-08-30,414.66000,416.56000,414.39000,415.76000,395.80600,0.46%,2811785
2021-08-31,415.66000,416.02000,414.58000,415.05000,395.13100,-0.17%,6062916
2021-09-01,416.05000,416.59000,415.16000,415.49000,395.54900,0.11%,3256370
2021-09-02,416.80000,417.44000,415.49500,416.73000,396.73000,0.30%,2836923
2021-09-03,415.58000,417.05900,415.16000,416.57000,396.57800,-0.04%,3743999
2021-09-07,416.27000,416.29000,414.42000,415.03000,395.11200,-0.37%,3542491
2021-09-08,414.53000,415.26000,412.67300,414.63000,394.73100,-0.10%,4012604
2021-09-09,414.34000,416.07000,412.57000,412.77000,392.96000,-0.45%,3887829
2021-09-10,414.69000,415.10000,409.41500,409.58000,389.92300,-0.77%,4035509
2021-09-13,412.52000,412.71000,408.31000,410.54000,390.83700,0.23%,4738340
2021-09-14,412.02000,412.18000,407.49000,408.41000,388.80900,-0.52%,3657667
2021-09-15,408.79000,412.25800,407.70000,411.82000,392.05600,0.83%,3891386
2021-09-16,411.27000,412.19000,408.23000,411.11000,391.38000,-0.17%,3351499
2021-09-17,410.35000,410.78000,406.77000,407.08000,387.54300,-0.98%,5396095
2021-09-20,401.11000,402.64000,395.57000,400.43000,381.21200,-1.63%,10942737
2021-09-21,402.66000,403.90000,399.44000,400.04000,380.84100,-0.10%,6418124
2021-09-22,402.17000,405.85000,401.26000,403.90000,384.51600,0.96%,6004773
2021-09-23,405.71000,410.32000,405.47000,408.78000,389.16100,1.21%,4098043
2021-09-24,407.17000,410.13000,406.95000,409.46000,389.80900,0.17%,3417688
2021-09-27,408.42100,409.57000,407.59000,408.30000,388.70500,-0.28%,3546600
2021-09-28,405.55000,405.87000,399.33000,400.14000,380.93600,-2.00%,8234309
2021-09-29,400.10000,401.79000,398.86000,399.46000,381.53400,-0.17%,4724166
2021-09-30,400.85000,401.52000,394.34000,394.40000,376.70100,-1.27%,9511155
2021-10-01,396.22600,400.85000,392.77000,399.12000,381.21000,1.20%,8482196
2021-10-04,398.12000,398.94000,391.96000,394.21000,376.52000,-1.23%,8820427
2021-10-05,395.56000,400.35300,394.79000,398.04000,380.17800,0.97%,5523244
2021-10-06,394.65000,400.02000,393.06000,399.81000,381.86900,0.44%,6589951
2021-10-07,403.07000,406.05000,402.85000,403.25000,385.15400,0.86%,4409195
2021-10-08,404.04000,404.38800,401.94000,402.49000,384.42800,-0.19%,3960919
2021-10-11,401.91000,404.74000,399.56000,399.56000,381.63000,-0.73%,3695672
2021-10-12,400.55000,400.92000,397.87000,398.76000,380.86600,-0.20%,6201264
2021-10-13,399.64000,400.88000,396.75000,400.04000,382.08800,0.32%,6492363
2021-10-14,403.70000,406.95000,403.22000,406.76000,388.50700,1.68%,3788390
2021-10-15,408.92000,410.26000,408.27500,409.93000,391.53500,0.78%,3501619
2021-10-18,408.20000,411.46000,407.53000,411.18000,392.72800,0.30%,3402670
2021-10-19,412.74000,414.38000,412.14000,414.38000,395.78500,0.78%,2838262
2021-10-20,414.74000,416.22000,414.65000,415.99000,397.32300,0.39%,3208156
2021-10-21,415.38000,417.24000,414.94500,417.01000,398.29700,0.25%,2579450
2021-10-22,416.58000,418.00000,414.70000,416.59000,397.89600,-0.10%,3648855
2021-10-25,417.64000,419.14000,415.93000,418.75000,399.95900,0.52%,2511465
2021-10-26,420.27000,421.52900,418.86000,419.15000,400.34100,0.10%,3085261
2021-10-27,419.66000,420.29000,417.28000,417.33000,398.60200,-0.43%,2873514
2021-10-28,418.78000,421.44000,418.75000,421.41000,402.49900,0.98%,3643561
2021-10-29,419.15000,422.51500,418.87000,422.16000,403.21600,0.18%,4637741
2021-11-01,423.19000,423.57000,421.28000,423.05000,404.06600,0.21%,3824661
2021-11-02,423.15000,424.96000,423.01000,424.69000,405.63200,0.39%,2957781
2021-11-03,424.14000,427.66000,423.69000,427.25000,408.07700,0.60%,3562910
2021-11-04,427.85000,429.37000,427.54000,429.25000,409.98800,0.47%,4287284
2021-11-05,431.55000,432.76000,429.30000,430.71000,411.38200,0.34%,4942933
2021-11-08,431.88000,432.34000,430.50000,431.23000,411.87900,0.12%,3511610
2021-11-09,431.56000,431.75000,428.34000,429.72000,410.43600,-0.35%,4652610
2021-11-10,428.09000,429.73000,424.81000,426.26000,407.13200,-0.81%,6350658
2021-11-11,427.70000,427.82000,426.39000,426.40000,407.26500,0.03%,3634631
2021-11-12,427.66000,430.17000,426.73000,429.57000,410.29300,0.74%,3643591
2021-11-15,430.95000,431.00500,428.65000,429.77000,410.48400,0.05%,3122286
2021-11-16,429.52000,432.59000,429.47200,431.41000,412.05100,0.38%,3266998
2021-11-17,431.24000,431.39000,429.84000,430.37000,411.05700,-0.24%,3764856
2021-11-18,431.44000,432.17000,428.80000,431.86000,412.48000,0.35%,4736823
2021-11-19,431.87000,432.99000,430.38000,431.05000,411.70700,-0.19%,4886525
2021-11-22,432.93000,435.41000,429.72000,429.91000,410.61800,-0.26%,4875928
2021-11-23,429.57000,431.29000,427.04000,430.47000,411.15300,0.13%,6801311
2021-11-24,428.56000,431.75000,427.71000,431.53000,412.16500,0.25%,4569588
2021-11-26,425.19000,426.52000,420.90000,422.14000,403.19700,-2.18%,7702478
2021-11-29,426.71000,428.98000,424.55000,427.24000,408.06800,1.21%,6300761
2021-11-30,424.80000,426.63000,418.63000,419.06000,400.25500,-1.91%,8657643
2021-12-01,424.47000,427.22100,413.97000,414.24000,395.65100,-1.15%,8370491
2021-12-02,414.42000,422.06000,414.03000,420.56000,401.68800,1.53%,10417672
2021-12-03,422.12000,423.19000,412.77000,416.84000,398.13400,-0.88%,10228931
2021-12-06,419.41000,423.66000,417.00000,421.82000,402.89100,1.19%,7289493
2021-12-07,426.98000,431.10000,426.94000,430.49000,411.17200,2.06%,4731920
2021-12-08,430.95000,432.14000,429.24000,431.70000,412.32800,0.28%,4476542
2021-12-09,430.46000,431.32000,428.61000,428.76000,409.52000,-0.68%,5035427
2021-12-10,431.44000,432.96000,428.95000,432.85000,413.42600,0.95%,6238301
2021-12-13,432.36000,432.66000,428.75000,429.01000,409.75800,-0.89%,5923878
2021-12-14,425.80000,428.24000,423.20000,426.09000,406.96900,-0.68%,6522926
2021-12-15,426.11000,432.98000,423.67000,432.75000,413.33000,1.56%,6871253
2021-12-16,434.56000,434.80000,427.35000,428.84000,409.59600,-0.90%,7159519
2021-12-17,425.85000,428.79000,422.67000,424.39000,405.34600,-1.04%,8883451
2021-12-20,419.39000,420.22000,416.30000,419.80000,400.96200,-1.08%,9903413
2021-12-21,421.65000,425.85000,419.52000,425.69000,408.05100,1.40%,6916663
2021-12-22,425.45000,430.09000,425.32000,429.99000,412.17300,1.01%,4992213
2021-12-23,430.91000,434.09600,430.87000,432.64000,414.71300,0.62%,5032684
2021-12-27,433.98000,438.82000,433.95000,438.81000,420.62800,1.43%,4986317
2021-12-28,439.28000,440.19000,437.65500,438.48000,420.31100,-0.08%,4865844
2021-12-29,438.50000,439.95000,437.54000,439.01000,420.82000,0.12%,4596686
2021-12-30,439.39000,440.36000,437.32000,437.77000,419.63100,-0.28%,3751831
2021-12-31,437.23000,438.38000,436.39000,436.57000,418.48100,-0.27%,4931399
2022-01-03,437.93000,439.27000,435.64000,439.25000,421.05000,0.61%,6017303
2022-01-04,440.58000,441.26000,437.22000,439.07000,420.87700,-0.04%,6262237
2022-01-05,438.78000,439.41000,430.52500,430.66000,412.81500,-1.92%,7539607
2022-01-06,430.20000,432.83000,427.90000,430.08000,412.26000,-0.13%,7971547
2022-01-07,430.21000,431.36000,427.20000,428.59000,410.83100,-0.35%,6157536
2022-01-10,425.38000,428.19000,419.77000,428.03000,410.29400,-0.13%,10481534
2022-01-11,427.68000,431.95000,424.78000,431.78000,413.88900,0.88%,7207946
2022-01-12,433.56000,435.04000,431.14000,433.07000,415.12600,0.30%,8270332
2022-01-13,434.09000,434.72000,426.09000,427.10000,409.40300,-1.38%,7521275
2022-01-14,423.94500,427.58000,422.81000,427.23000,409.52800,0.03%,9960814
2022-01-18,422.62000,424.98000,417.33000,419.74000,402.34800,-1.75%,10656865
2022-01-19,421.17000,422.53500,415.07000,415.33000,398.12100,-1.05%,8132697
2022-01-20,417.17000,421.75000,410.29000,410.76000,393.74000,-1.10%,8907603
2022-01-21,409.71000,411.92700,402.66000,402.69000,386.00400,-1.96%,16225928
2022-01-24,397.26000,404.88000,386.84000,404.37000,387.61500,0.42%,22997836
2022-01-25,398.17000,404.26000,392.73300,399.46000,382.90800,-1.21%,16836326
2022-01-26,405.66000,408.19500,394.34000,398.56000,382.04600,-0.23%,14377346
2022-01-27,402.93000,405.97000,394.82000,396.54000,380.10900,-0.51%,12455226
2022-01-28,397.82000,406.33000,393.30000,406.26000,389.42700,2.45%,12096807
2022-01-31,405.67000,413.97000,404.35000,413.69000,396.54900,1.83%,9200435
2022-02-01,414.34000,417.04000,410.90000,416.39000,399.13700,0.65%,8154891
2022-02-02,418.98000,421.18000,416.54000,420.36000,402.94200,0.95%,6726476
2022-02-03,414.59000,416.43000,409.79000,410.59000,393.57700,-2.32%,7658271
2022-02-04,410.34000,416.24000,408.06000,412.52000,395.42700,0.47%,8210024
2022-02-07,413.23000,414.62000,409.90000,411.16000,394.12300,-0.33%,5620912
2022-02-08,410.72000,415.46000,409.35000,414.49000,397.31500,0.81%,5565685
2022-02-09,418.55000,420.87000,418.34500,420.57000,403.14400,1.47%,6284459
2022-02-10,414.93000,420.80000,411.14000,413.18000,396.06000,-1.76%,9260462
2022-02-11,413.15000,415.20000,403.57000,404.94000,388.16100,-1.99%,10458586
2022-02-14,404.43000,405.99000,400.24000,403.62000,386.89600,-0.33%,10167584
2022-02-15,408.18000,410.29000,407.46000,410.10000,393.10700,1.61%,6822294
2022-02-16,408.20000,411.89000,406.32000,410.59000,393.57700,0.12%,7743764
2022-02-17,407.49000,407.98000,401.23000,401.86000,385.20900,-2.13%,7540991
2022-02-18,402.15000,403.31000,397.00000,399.29000,382.74500,-0.64%,10570832
2022-02-22,397.05000,400.37000,391.50500,394.92000,378.55600,-1.09%,10385026
2022-02-23,397.74000,398.32000,387.38000,387.81000,371.74100,-1.80%,12154856
2022-02-24,377.76000,394.17000,377.50000,393.77000,377.45400,1.54%,21277220
2022-02-25,394.95000,402.52000,393.39600,402.37000,385.69800,2.18%,11665227
2022-02-28,397.18000,402.85000,396.00000,401.36000,384.73000,-0.25%,11855942
2022-03-01,400.01000,401.92000,392.79000,395.34000,378.95900,-1.50%,9124412
2022-03-02,397.72000,404.10000,396.78000,402.60000,385.91800,1.84%,8185168
2022-03-03,405.02000,405.54000,398.88000,400.58000,383.98200,-0.50%,8745268
2022-03-04,396.93000,398.42600,393.37000,397.34000,380.87600,-0.81%,6322478
2022-03-07,396.73000,397.00000,385.56000,385.61000,369.63200,-2.95%,8411483
2022-03-08,385.76000,392.74000,381.64000,382.70000,366.84300,-0.75%,9356075
2022-03-09,390.88000,394.85000,388.72000,392.90000,376.62000,2.67%,5812598
2022-03-10,388.44000,392.01000,386.53000,391.15000,374.94300,-0.45%,6394788
2022-03-11,393.62000,394.19000,385.68000,386.16000,370.15900,-1.28%,5872799
2022-03-14,387.07000,390.26800,382.25000,383.34000,367.45600,-0.73%,6454976
2022-03-15,385.86000,392.37000,384.63000,391.75000,375.51800,2.19%,5739361
2022-03-16,395.50000,400.55000,390.55000,400.51000,383.91500,2.24%,7407331
2022-03-17,398.64000,405.56000,398.30000,405.41000,388.61200,1.22%,5177527
2022-03-18,403.98000,410.28000,403.24000,409.89000,392.90600,1.11%,5666909
2022-03-21,409.84000,411.75000,406.43000,409.91000,392.92500,,4137298
2022-03-22,411.20000,415.52000,411.20000,414.67000,397.48800,1.16%,4180514
2022-03-23,412.16000,413.62000,409.29000,409.33000,392.36900,-1.29%,3742563
2022-03-24,409.89000,414.10000,408.81000,414.02000,398.18200,1.15%,2977317
2022-03-25,414.79000,416.35800,412.20500,416.12000,400.20100,0.51%,3496451
2022-03-28,415.50000,419.05000,413.69000,418.99000,402.96200,0.69%,3395334
2022-03-29,422.96000,424.72000,420.25000,424.29000,408.05900,1.26%,5510554
2022-03-30,423.26000,424.01000,419.59000,421.65000,405.52000,-0.62%,4794334
2022-03-31,420.97000,421.67000,415.05000,415.17000,399.28800,-1.54%,5876639
2022-04-01,416.68000,416.81800,412.87000,416.32000,400.39400,0.28%,4663067
2022-04-04,416.45000,419.96000,415.72000,419.85000,403.78900,0.85%,5117208
2022-04-05,418.56000,420.82000,413.50000,414.66000,398.79700,-1.24%,3956102
2022-04-06,410.76000,412.66000,407.64000,410.46000,394.75800,-1.01%,5540716
2022-04-07,409.60000,414.30000,407.74000,412.53000,396.74900,0.50%,4954053
2022-04-08,411.85000,414.22000,409.98000,411.53000,395.78700,-0.24%,4752812
2022-04-11,408.50000,409.05900,403.92500,404.40000,388.93000,-1.73%,3342784
2022-04-12,407.33000,409.71000,401.37000,402.92000,387.50600,-0.37%,6615813
2022-04-13,402.57000,408.20000,402.48000,407.47000,391.88200,1.13%,4358710
2022-04-14,407.72000,408.78000,402.34000,402.52000,387.12200,-1.21%,3735679
2022-04-18,401.55000,404.22000,400.44000,402.59000,387.18900,0.02%,4305868
2022-04-19,402.58000,409.77000,402.36000,409.02000,393.37300,1.60%,3841510
2022-04-20,410.82000,411.39000,407.67000,408.71000,393.07500,-0.08%,4945250
2022-04-21,412.38000,413.68000,401.80000,402.65000,387.24700,-1.48%,4670153
2022-04-22,401.67000,401.88500,391.10000,391.66000,376.67700,-2.73%,6326437
2022-04-25,389.42000,394.05800,385.00000,393.80000,378.73500,0.55%,8141182
2022-04-26,391.40000,391.59000,382.44000,382.54000,367.90600,-2.86%,8351899
2022-04-27,383.50000,388.75000,381.50000,383.53000,368.85800,0.26%,6415702
2022-04-28,388.23000,394.90000,383.87000,393.14000,378.10100,2.51%,7036192
2022-04-29,389.42000,391.45000,378.00000,378.70000,364.21300,-3.67%,8221944
2022-05-02,378.79000,382.27000,372.33000,381.08000,366.50200,0.63%,10737019
2022-05-03,381.62000,385.05600,380.00000,382.73000,368.08900,0.43%,5607696
2022-05-04,383.35000,394.92500,380.28000,394.34000,379.25500,3.03%,7344049
2022-05-05,390.22000,390.31000,376.35000,380.49000,365.93400,-3.51%,10477253
2022-05-06,378.01000,381.28000,372.95000,378.10000,363.63600,-0.63%,7959647
2022-05-09,372.36000,373.56000,364.50000,365.90000,351.90300,-3.23%,10793230
2022-05-10,371.90000,373.22000,362.91000,366.84000,352.80700,0.26%,7870750
2022-05-11,365.97000,371.36000,360.27000,360.93000,347.12300,-1.61%,8026944
2022-05-12,357.83500,363.75000,354.02000,360.65000,346.85300,-0.08%,7679237
2022-05-13,364.73000,370.58000,363.64200,369.16000,355.03800,2.36%,5377437
2022-05-16,367.71000,371.35000,365.45000,367.84000,353.76800,-0.36%,4719840
2022-05-17,373.66000,375.56000,370.08000,375.20000,360.84700,2.00%,4513309
2022-05-18,370.98000,371.16000,359.00000,360.34000,346.55500,-3.96%,6883570
2022-05-19,357.17000,362.23000,355.85000,357.93000,344.23700,-0.67%,6359477
2022-05-20,361.41000,361.95000,349.76000,358.02000,344.32400,0.03%,8755856
2022-05-23,361.09000,365.57000,358.85000,364.81000,350.85400,1.90%,5254915
2022-05-24,360.85000,363.21000,355.70000,362.18000,348.32500,-0.72%,5567301
2022-05-25,360.54000,367.16000,360.27000,365.20000,351.22900,0.83%,5704600
2022-05-26,366.44500,374.13000,366.27000,372.46000,358.21200,1.99%,4248253
2022-05-27,374.94000,381.86000,374.80000,381.80000,367.19400,2.51%,3911790
2022-05-31,380.23000,382.85000,376.92000,379.68000,365.15500,-0.56%,5016514
2022-06-01,381.61000,382.64000,374.10000,376.50000,362.09700,-0.84%,4245818
2022-06-02,376.41000,383.74000,374.20000,383.65000,368.97400,1.90%,3273721
2022-06-03,379.11000,380.60000,376.48000,377.44000,363.00100,-1.62%,2749538
2022-06-06,381.33000,382.96000,377.41000,378.47000,363.99200,0.27%,2659482
2022-06-07,375.16000,382.61000,374.71000,382.17000,367.55000,0.98%,2649857
2022-06-08,380.50000,382.23000,377.26000,377.99000,363.53000,-1.09%,3436443
2022-06-09,376.24000,378.44000,369.02000,369.10000,354.98000,-2.35%,3021979
2022-06-10,362.93000,363.69000,358.23000,358.27000,344.56400,-2.93%,7629693
2022-06-13,349.11000,350.83500,343.06000,344.46000,331.28300,-3.85%,10399708
2022-06-14,346.37000,347.32000,340.57000,343.60000,330.45600,-0.25%,7584190
2022-06-15,346.82000,352.84000,341.97000,348.52000,335.18700,1.43%,7887624
2022-06-16,340.48000,340.84000,334.57000,337.07000,324.17500,-3.29%,8821869
2022-06-17,337.31000,340.87000,334.24000,337.95000,325.02200,0.26%,7083981
2022-06-21,343.19000,347.50000,343.11000,346.23000,332.98500,2.45%,5628348
2022-06-22,342.08000,349.51000,341.63500,345.50000,332.28300,-0.21%,4876060
2022-06-23,347.63000,349.61000,344.14000,349.13000,335.77400,1.05%,6708774
2022-06-24,352.03000,360.02000,351.97000,360.00000,346.22800,3.11%,5458559
2022-06-27,361.00000,361.15000,357.57000,358.65000,344.93000,-0.38%,4608590
2022-06-28,360.08000,362.83500,350.90000,350.90000,337.47600,-2.16%,8801780
2022-06-29,350.43000,351.36000,347.81000,349.64000,337.64200,-0.36%,3775861
2022-06-30,345.88000,349.84000,342.45000,346.88000,334.97700,-0.79%,7159599
2022-07-01,346.16000,350.83000,343.59000,350.44000,338.41400,1.03%,7481480
2022-07-05,345.48000,351.10000,342.78000,351.06000,339.01300,0.18%,6180564
2022-07-06,351.23000,354.68000,348.93000,352.33000,340.24000,0.36%,5450928
2022-07-07,354.01000,358.30000,354.00000,357.50000,345.23200,1.47%,3737478
2022-07-08,355.90600,359.05000,354.47100,357.29000,345.02900,-0.06%,4791341
2022-07-11,354.84000,355.57000,352.51000,353.25000,341.12800,-1.13%,3491695
2022-07-12,352.60000,354.90000,348.38000,349.99000,337.98000,-0.92%,4080271
2022-07-13,344.74000,351.00000,344.37000,348.36000,336.40600,-0.47%,5603536
2022-07-14,343.41000,347.95000,341.04500,347.44000,335.51700,-0.26%,4624840
2022-07-15,351.73000,354.11000,349.80000,354.01000,341.86200,1.89%,4520475
2022-07-18,356.97000,357.62000,349.92000,351.08000,339.03200,-0.83%,3544880
2022-07-19,354.95000,361.09000,354.25000,360.61000,348.23500,2.71%,3620152
2022-07-20,360.70000,364.24000,359.45000,362.92000,350.46600,0.64%,4270636
2022-07-21,362.36000,366.62000,360.01000,366.59000,354.01000,1.01%,4603979
2022-07-22,366.69000,367.84000,361.01000,363.25000,350.78500,-0.91%,4533862
2022-07-25,363.84000,364.44000,361.45000,363.61000,351.13300,0.10%,3902230
2022-07-26,362.12000,362.21000,358.45000,359.25000,346.92200,-1.20%,2987190
2022-07-27,362.49000,370.33000,362.22100,368.66000,356.00900,2.62%,4500264
2022-07-28,369.42000,373.91000,365.98000,373.32000,360.50900,1.26%,4345335
2022-07-29,374.73000,379.66000,373.93000,378.79000,365.79200,1.47%,5246413
2022-08-01,376.12000,380.01000,375.44000,377.65000,364.69100,-0.30%,4421369
2022-08-02,376.11000,379.62700,373.95000,375.21000,362.33400,-0.65%,4132588
2022-08-03,377.19000,382.10000,376.91000,381.07000,367.99300,1.56%,3854779
2022-08-04,380.88000,381.53000,379.19000,380.77000,367.70400,-0.08%,3410631
2022-08-05,376.65000,380.70000,376.54000,379.98000,366.94100,-0.21%,2852090
2022-08-08,381.78000,383.90700,378.57000,379.64000,366.61200,-0.09%,3455348
2022-08-09,379.02000,379.41000,377.10000,378.14000,365.16400,-0.40%,2360524
2022-08-10,384.99000,386.23000,383.10000,386.06000,372.81200,2.09%,3650992
2022-08-11,388.87000,390.65000,385.40000,386.06000,372.81200,,3575370
2022-08-12,387.95000,392.72000,387.09000,392.67000,379.19500,1.71%,3664357
2022-08-15,390.49000,394.76000,390.46000,394.35000,380.81800,0.43%,3203933
2022-08-16,393.24000,396.89000,392.44000,395.04000,381.48400,0.17%,3864849
2022-08-17,391.56000,394.85000,390.29300,392.34000,378.87700,-0.68%,3222325
2022-08-18,392.42000,394.02000,391.17000,393.55000,380.04500,0.31%,3258081
2022-08-19,390.70000,390.95000,387.25000,388.12000,374.80100,-1.38%,2899030
2022-08-22,383.43000,383.54000,379.09000,379.94000,366.90200,-2.11%,4153718
2022-08-23,379.56000,381.87000,378.52300,379.04000,366.03300,-0.24%,2869184
2022-08-24,378.90000,381.58000,378.18000,380.19000,367.14400,0.30%,2241245
2022-08-25,381.76000,385.73000,380.70000,385.73000,372.49300,1.46%,2631290
2022-08-26,385.55000,386.05000,372.51000,372.51000,359.72700,-3.43%,5153160
2022-08-29,369.77000,373.05000,368.78000,370.05000,357.35200,-0.66%,4647553
2022-08-30,371.30000,371.44500,364.02000,366.03000,353.46900,-1.09%,5044536
2022-08-31,367.61000,368.79000,363.11000,363.15000,350.68800,-0.79%,4062539
2022-09-01,361.10000,364.70000,358.51000,364.27000,351.77000,0.31%,6126838
2022-09-02,367.95000,369.13000,358.78000,360.45000,348.08100,-1.05%,4544223
2022-09-06,361.36000,362.28000,357.00000,359.24000,346.91200,-0.34%,5603733
2022-09-07,358.86000,366.37500,358.69000,365.68000,353.13100,1.79%,4136951
2022-09-08,363.37500,368.48000,362.27000,368.07000,355.43900,0.65%,3692037
2022-09-09,370.24000,374.61000,369.98000,373.75000,360.92500,1.54%,2621561
2022-09-12,375.82000,378.51000,375.51000,377.86000,364.89400,1.10%,2961354
2022-09-13,369.34000,370.53000,360.28000,361.38000,348.97900,-4.36%,5549174
2022-09-14,362.58000,364.17000,359.53000,362.73000,350.28300,0.37%,3555510
2022-09-15,361.16000,363.97000,357.40000,358.68000,346.37200,-1.12%,3807460
2022-09-16,354.56000,356.48000,352.69000,355.86000,343.64800,-0.79%,4452268
2022-09-19,352.80000,358.59000,352.75000,358.59000,346.28500,0.77%,3412645
2022-09-20,355.38000,356.38000,351.83300,354.55000,342.38300,-1.13%,3623962
2022-09-21,356.38000,359.30000,348.31000,348.31000,336.35800,-1.76%,5102402
2022-09-22,347.55000,348.54000,344.67000,345.37000,333.51800,-0.84%,5540518
2022-09-23,342.08000,342.08000,335.31000,339.63000,327.97500,-1.66%,10491491
2022-09-26,338.23000,341.66000,335.07000,336.34000,324.79800,-0.97%,5405686
2022-09-27,339.79000,341.84000,333.08000,335.39000,323.88100,-0.28%,5795659
2022-09-28,334.80000,342.10000,333.18000,340.48000,330.21500,1.52%,8683949
2022-09-29,337.15000,337.30000,330.53000,333.38000,323.32900,-2.09%,7230121
2022-09-30,332.57000,336.19000,328.12000,328.30000,318.40200,-1.52%,7736631
2022-10-03,331.79000,338.66000,330.10000,336.98000,326.82100,2.64%,5738997
2022-10-04,342.14000,347.33000,342.13000,347.21000,336.74200,3.04%,5109957
2022-10-05,343.12000,348.64000,340.86000,346.61000,336.16000,-0.17%,4755772
2022-10-06,345.18000,347.98000,342.49000,342.96000,332.62000,-1.05%,3879612
2022-10-07,339.08000,339.34000,331.65000,333.33000,323.28100,-2.81%,5168076
2022-10-10,334.47000,334.67000,328.66000,330.84000,320.86600,-0.75%,3933860
2022-10-11,329.20000,333.56000,326.85000,328.66000,318.75100,-0.66%,4968108
2022-10-12,329.15000,330.58000,327.44000,327.64000,317.76200,-0.31%,3235062
2022-10-13,320.84000,337.67500,319.87000,336.22000,326.08300,2.62%,6396891
2022-10-14,338.62000,340.19000,328.02500,328.65000,318.74200,-2.25%,4883998
2022-10-17,334.57000,338.10000,334.46000,337.00000,326.84000,2.54%,3889516
2022-10-18,344.68000,345.00000,337.76500,340.97000,330.69000,1.18%,4903278
2022-10-19,339.04000,341.67000,335.90000,338.61000,328.40100,-0.69%,4403233
2022-10-20,338.17000,342.42000,335.05000,335.83000,325.70500,-0.82%,3459059
2022-10-21,335.50000,344.39100,334.13000,343.90000,333.53200,2.40%,4362430
2022-10-24,345.45000,349.23000,342.87000,348.09000,337.59600,1.22%,5639417
2022-10-25,348.05000,354.03000,348.03000,353.75000,343.08500,1.63%,5203396
2022-10-26,350.70000,356.17000,350.44000,351.11000,340.52500,-0.75%,4277708
2022-10-27,352.05000,353.79000,348.59500,349.23000,338.70100,-0.54%,4145263
2022-10-28,349.04000,357.98000,348.95000,357.38000,346.60600,2.33%,4388078
2022-10-31,355.16000,356.92000,354.05000,354.95000,344.24900,-0.68%,6430961
2022-11-01,358.53000,358.76500,352.29000,353.52000,342.86200,-0.40%,8014279
2022-11-02,352.78000,357.12500,344.41000,344.50000,334.11400,-2.55%,5022535
2022-11-03,341.34000,343.81000,338.90000,340.83000,330.55400,-1.07%,4534774
2022-11-04,346.41000,348.02000,340.00000,345.82000,335.39400,1.46%,3655444
2022-11-07,347.06000,349.71000,345.10000,349.14000,338.61400,0.96%,3316597
2022-11-08,350.21000,353.87000,347.08000,351.04000,340.45700,0.54%,3237196
2022-11-09,349.08000,350.22000,343.35800,343.87000,333.50300,-2.04%,3570793
2022-11-10,356.52000,363.01000,354.41000,362.69000,351.75500,5.47%,4603632
2022-11-11,363.69000,367.02000,361.74000,366.16000,355.12100,0.96%,4877385
2022-11-14,364.57000,367.79000,362.89000,363.22000,352.26900,-0.80%,5274312
2022-11-15,368.65000,369.74200,362.59000,366.22000,355.17900,0.83%,4597800
2022-11-16,364.70000,365.52000,362.85000,363.44000,352.48300,-0.76%,2755123
2022-11-17,358.80000,362.99000,358.56500,362.39000,351.46400,-0.29%,3284424
2022-11-18,365.46000,365.59000,361.23000,363.99000,353.01600,0.44%,2574370
2022-11-21,362.77000,363.73900,360.87000,362.71000,351.77500,-0.35%,2397875
2022-11-22,364.51000,367.68000,363.21000,367.54000,356.45900,1.33%,2315964
2022-11-23,367.21000,370.36000,367.02300,369.84000,358.69000,0.63%,2590859
2022-11-25,369.39000,370.34000,369.06000,369.80000,358.65100,-0.01%,1423444
2022-11-28,366.86000,368.38000,363.15000,363.95000,352.97700,-1.58%,3557001
2022-11-29,363.93000,365.18000,361.48000,363.31000,352.35700,-0.18%,2507770
2022-11-30,363.45000,374.59000,361.65000,374.49000,363.20000,3.08%,4748832
2022-12-01,375.87000,377.00000,372.05000,374.54000,363.24800,0.01%,4608628
2022-12-02,369.66000,374.88000,369.66000,374.00000,362.72400,-0.14%,3595984
2022-12-05,371.28000,372.19000,365.99000,367.34000,356.26500,-1.78%,3706993
2022-12-06,367.09000,367.61000,359.93100,362.03000,351.11500,-1.45%,3911040
2022-12-07,361.05000,363.61000,360.31000,361.33000,350.43600,-0.19%,3337977
2022-12-08,363.13000,365.15000,361.60000,364.18000,353.20100,0.79%,3604516
2022-12-09,363.00000,365.44000,361.34000,361.52000,350.62100,-0.73%,4271355
2022-12-12,362.28000,366.68000,361.58000,366.68000,355.62500,1.43%,2946216
2022-12-13,377.11000,377.19000,366.80100,369.39000,358.25300,0.74%,6161825
2022-12-14,369.10000,372.80000,364.25000,367.16000,356.09100,-0.60%,4707115
2022-12-15,362.47000,363.24000,356.46000,358.13000,347.33300,-2.46%,5126752
2022-12-16,355.64900,356.83000,351.79000,353.86000,343.19200,-1.19%,4533074
2022-12-19,354.13000,354.34000,349.25000,350.81000,340.23400,-0.86%,5538489
2022-12-20,348.45000,351.16500,347.20800,349.67000,340.74900,-0.32%,5068210
2022-12-21,352.20000,355.95200,351.70000,354.90000,345.84600,1.50%,3832448
2022-12-22,351.98000,352.25000,344.34000,349.91000,340.98300,-1.41%,6462233
2022-12-23,348.93000,351.94800,347.35000,351.87000,342.89300,0.56%,4571981
2022-12-27,351.76000,352.04000,348.85000,350.47000,341.52900,-0.40%,4303215
2022-12-28,350.42000,352.20000,345.90000,346.17000,337.33900,-1.23%,4464644
2022-12-29,348.91000,353.12500,348.47000,352.31000,343.32200,1.77%,4086575
2022-12-30,349.79000,351.49000,347.76400,351.34000,342.37700,-0.28%,5325447
2023-01-03,353.18100,355.04200,347.19000,349.99000,341.06100,-0.38%,4957334
2023-01-04,352.10000,354.56400,349.20000,352.51000,343.51700,0.72%,3119087
2023-01-05,350.73000,350.80000,348.06000,348.66000,339.76500,-1.09%,3216538
2023-01-06,351.59000,357.67000,348.74000,356.59000,347.49300,2.27%,3464777
2023-01-09,358.73000,361.73000,356.22100,356.33000,347.23900,-0.07%,3775322
2023-01-10,355.84000,358.95000,354.96000,358.87000,349.71500,0.71%,3495719
2023-01-11,360.41000,363.51000,359.66000,363.45000,354.17800,1.28%,5710532
2023-01-12,364.48000,366.15000,360.60000,364.81000,355.50300,0.37%,4743460
2023-01-13,361.68100,366.73000,361.47000,366.23000,356.88700,0.39%,3015160
2023-01-17,366.19000,367.72000,364.87000,365.67000,356.34100,-0.15%,4942003
2023-01-18,366.67000,367.66000,359.58000,359.73000,350.55300,-1.62%,3931803
2023-01-19,357.76000,359.35500,355.85000,357.14000,348.02900,-0.72%,3514877
2023-01-20,358.45000,363.91000,356.88000,363.71000,354.43100,1.84%,3265062
2023-01-23,364.51000,370.00000,363.65000,368.14000,358.74800,1.22%,3243283
2023-01-24,366.57000,368.61000,365.42000,367.75000,358.36800,-0.11%,2702380
2023-01-25,363.78000,368.16000,361.66000,367.88000,358.49500,0.04%,3061683
2023-01-26,370.46000,372.06000,367.61000,371.81000,362.32400,1.07%,3460934
2023-01-27,370.89000,375.08000,370.76000,372.87000,363.35700,0.29%,5549522
2023-01-30,370.15000,372.29000,367.86000,368.21000,358.81600,-1.25%,3280594
2023-01-31,368.61000,373.54000,368.33000,373.44000,363.91300,1.42%,4181686
2023-02-01,372.44000,380.16000,369.76000,377.53000,367.89800,1.10%,4941692
2023-02-02,381.25000,384.41000,379.40000,382.94000,373.17000,1.43%,5207926
2023-02-03,378.23000,383.20000,377.79000,378.85000,369.18500,-1.07%,6472509
2023-02-06,376.57500,377.93000,375.02000,376.66000,367.05100,-0.58%,2880098
2023-02-07,375.79000,382.74700,374.62000,381.52000,371.78700,1.29%,4504633
2023-02-08,379.69000,380.93000,376.73000,377.34000,367.71300,-1.10%,2921503
2023-02-09,380.97000,381.00000,372.94900,374.11000,364.56600,-0.86%,3327715
2023-02-10,373.00000,375.39000,372.20000,375.02000,365.45300,0.24%,3256705
2023-02-13,375.64900,379.44000,375.20000,379.35000,369.67200,1.15%,2980600
2023-02-14,377.96000,381.42000,375.45000,379.21000,369.53600,-0.04%,4718037
2023-02-15,377.15000,380.53000,376.33000,380.48000,370.77300,0.33%,2831621
2023-02-16,375.66000,379.43000,375.09000,375.19000,365.61800,-1.39%,3077501
2023-02-17,373.17900,374.45000,371.32000,374.22000,364.67300,-0.26%,3285327
2023-02-21,370.40000,371.33500,366.48000,366.79000,357.43200,-1.99%,3109176
2023-02-22,367.18000,368.60000,364.84000,366.33000,356.98400,-0.13%,3872004
2023-02-23,369.07000,369.57000,364.13000,368.17000,358.77700,0.50%,2867193
2023-02-24,363.31000,365.03000,361.73000,364.23000,354.93800,-1.07%,4055007
2023-02-27,367.49000,368.77000,364.59400,365.49000,356.16600,0.35%,3300148
2023-02-28,365.01000,366.86000,364.05000,364.11000,354.82100,-0.38%,3022200
2023-03-01,363.34000,364.51000,361.45000,362.78000,353.52500,-0.37%,3764724
2023-03-02,360.81000,366.36000,360.53000,365.49000,356.16600,0.75%,2730814
2023-03-03,367.29000,371.67000,366.70000,371.28000,361.80800,1.58%,4913599
2023-03-06,372.26000,374.44000,371.30000,371.73000,362.24600,0.12%,2638325
2023-03-07,371.63000,371.89000,365.38500,365.98000,356.64300,-1.55%,3546141
2023-03-08,366.11000,367.29900,364.44000,366.55000,357.19900,0.16%,2906258
2023-03-09,367.35000,368.88000,358.85000,359.84000,350.66000,-1.83%,4409629
2023-03-10,359.33000,361.24000,353.14000,354.68000,345.63100,-1.43%,8360402
2023-03-13,350.76000,358.67000,349.76000,354.08000,345.04700,-0.17%,6478693
2023-03-14,358.88000,361.51000,355.63000,359.96000,350.77700,1.66%,4798811
2023-03-15,354.46000,357.88000,352.56500,357.74000,348.61300,-0.62%,6610393
2023-03-16,355.54000,364.26000,354.99000,363.86000,354.57700,1.71%,5049842
2023-03-17,362.76000,363.79000,358.42000,359.88000,350.69900,-1.09%,5189907
2023-03-20,360.47000,363.58000,359.82000,363.13000,353.86600,0.90%,3099753
2023-03-21,366.42000,368.41000,364.88000,367.88000,358.49500,1.31%,4117629
2023-03-22,367.78000,371.21900,361.66000,361.78000,352.55000,-1.66%,4094840
2023-03-23,364.48000,368.28600,360.12000,362.64000,353.38800,0.24%,4787193
2023-03-24,359.98000,363.63000,357.72000,363.56000,355.73400,0.25%,3740941
2023-03-27,365.72500,366.43000,363.40000,364.16000,356.32100,0.17%,4144795
2023-03-28,363.54000,364.20000,361.68200,363.52000,355.69500,-0.18%,2413653
2023-03-29,367.40000,368.94000,366.29000,368.69000,360.75400,1.42%,3636069
2023-03-30,371.23000,371.48000,369.10200,370.89000,362.90700,0.60%,3316742
2023-03-31,371.78000,376.34000,371.65000,376.07000,367.97500,1.40%,4159844
2023-04-03,375.60000,377.91000,375.22000,377.56000,369.43300,0.40%,3525296
2023-04-04,378.19000,378.40000,374.13000,375.43000,367.34900,-0.56%,2713278
2023-04-05,374.71000,375.42000,372.89000,374.52000,366.45800,-0.24%,3227735
2023-04-06,373.67000,376.18500,372.72000,375.95000,367.85800,0.38%,3076223
2023-04-10,373.55000,376.39000,372.96000,376.36000,368.25900,0.11%,2671117
2023-04-11,376.90000,377.76000,375.69000,376.41000,368.30800,0.01%,3069001
2023-04-12,378.40000,378.62000,374.32000,374.91000,366.84000,-0.40%,3624173
2023-04-13,375.91000,380.17000,375.44500,379.77000,371.59500,1.30%,2680870
2023-04-14,379.27000,381.33000,376.72000,378.99000,370.83200,-0.21%,2981653
2023-04-17,378.84000,380.32000,377.68000,380.28000,372.09400,0.34%,2705286
2023-04-18,381.84000,381.91500,379.24000,380.54000,372.34900,0.07%,3019268
2023-04-19,378.73000,381.33000,378.67000,380.52000,372.32900,-0.01%,2671311
2023-04-20,377.78000,380.07000,376.94000,378.37000,370.22600,-0.57%,2953173
2023-04-21,378.68000,379.10000,376.82000,378.59000,370.44100,0.06%,2762306
2023-04-24,378.48000,379.47000,377.23000,379.09000,370.93000,0.13%,2310373
2023-04-25,377.18000,377.70000,373.02000,373.10000,365.06900,-1.58%,3795428
2023-04-26,373.66000,374.68000,370.98000,371.44000,363.44500,-0.44%,3743370
2023-04-27,373.89000,379.13000,373.67000,378.81000,370.65600,1.98%,4302377
2023-04-28,378.04000,382.12000,378.00000,382.05000,373.82600,0.86%,3386907
2023-05-01,381.73000,383.64000,381.52000,381.79000,373.57200,-0.07%,3069297
2023-05-02,381.06000,381.11000,374.67000,377.51000,369.38400,-1.12%,4311590
2023-05-03,377.91000,380.20000,374.60000,374.88000,366.81100,-0.70%,5513039
2023-05-04,373.84000,374.11000,370.92000,372.14000,364.13000,-0.73%,4421484
2023-05-05,375.74000,380.09000,375.43000,378.97000,370.81300,1.84%,3139394
2023-05-08,379.41000,379.62000,377.88000,379.18000,371.01800,0.06%,2957618
2023-05-09,377.71000,378.58000,377.33000,377.54000,369.41300,-0.43%,2271049
2023-05-10,380.28000,380.83000,375.64000,379.19000,371.02800,0.44%,3512947
2023-05-11,378.47000,378.88000,376.67000,378.66000,370.50900,-0.14%,2676622
2023-05-12,379.85000,380.01000,375.83500,378.15000,370.01000,-0.13%,2531015
2023-05-15,378.74000,379.84000,376.91000,379.46000,371.29200,0.35%,3882561
2023-05-16,378.39000,379.28000,376.91000,376.95000,368.83600,-0.66%,2277616
2023-05-17,378.85000,382.09000,377.28000,381.45000,373.23900,1.19%,3222645
2023-05-18,381.26000,385.57000,381.00000,385.18000,376.88900,0.98%,3340620
2023-05-19,386.02000,386.54000,383.44000,384.57000,376.29200,-0.16%,3649043
2023-05-22,384.66000,386.23000,383.47000,384.78000,376.49800,0.05%,2784012
2023-05-23,383.19000,384.11000,380.08000,380.48000,372.29000,-1.12%,2887264
2023-05-24,378.91000,379.25000,376.57000,377.63000,369.50100,-0.75%,3611592
2023-05-25,380.99000,382.28000,378.92000,380.92000,372.72100,0.87%,3315872
2023-05-26,381.64000,386.57000,381.53500,385.87000,377.56400,1.30%,3042792
2023-05-30,387.76000,388.26000,384.76000,385.99000,377.68200,0.03%,3968451
2023-05-31,384.31000,385.16000,382.42000,383.89000,375.62700,-0.54%,4164677
2023-06-01,384.20000,388.57000,382.97000,387.57000,379.22800,0.96%,3563555
2023-06-02,390.08000,393.96000,389.54000,393.26000,384.79500,1.47%,7368902
2023-06-05,393.54000,394.77000,391.79000,392.50000,384.05100,-0.19%,3481154
2023-06-06,392.05000,393.79000,391.41000,393.31000,384.84400,0.21%,2894663
2023-06-07,393.67000,394.76000,391.54000,392.02000,383.58200,-0.33%,3942893
2023-06-08,391.96000,394.73000,391.29000,394.37000,385.88100,0.60%,3460351
2023-06-09,395.05000,396.93000,394.08000,395.03000,386.52700,0.17%,3062868
2023-06-12,395.98000,398.68500,395.30000,398.66000,390.07900,0.92%,3797245
2023-06-13,400.01900,401.85000,399.40000,401.29000,392.65200,0.66%,3913085
2023-06-14,401.61000,403.43600,398.46000,401.60000,392.95600,0.08%,5161278
2023-06-15,401.00000,407.93000,400.89000,406.75000,397.99500,1.28%,5284984
2023-06-16,408.69000,408.76000,404.89000,405.25000,396.52700,-0.37%,5141885
2023-06-20,403.49000,404.32000,401.26000,403.38000,394.69700,-0.46%,4246881
2023-06-21,402.31000,403.06000,400.67000,401.17000,392.53500,-0.55%,3423543
2023-06-22,400.28000,402.72000,399.95000,402.63000,393.96300,0.36%,3141021
2023-06-23,399.33000,401.28000,398.93000,399.61000,391.00800,-0.75%,4215307
2023-06-26,399.04000,400.86000,397.73000,397.96000,389.39400,-0.41%,3250700
2023-06-27,398.80000,402.93000,398.39000,402.37000,393.70900,1.11%,4302361
2023-06-28,401.35000,403.48500,400.71000,402.55000,393.88500,0.04%,4320672
2023-06-29,400.60000,402.67000,400.19000,402.51000,395.38800,-0.01%,3914849
2023-06-30,405.40000,408.22000,405.29000,407.28000,400.07400,1.19%,5173692
2023-07-03,406.92000,408.06000,406.68000,408.06000,400.84000,0.19%,2372019
2023-07-05,406.01000,407.84000,406.01000,407.15000,399.94600,-0.22%,4234124
2023-07-06,403.78000,404.35000,401.56000,403.83000,396.68500,-0.82%,6040271
2023-07-07,403.03000,406.67900,402.71000,402.89000,395.76200,-0.23%,3673249
2023-07-10,402.63000,404.11000,402.06000,403.97000,396.82200,0.27%,3362277
2023-07-11,404.77000,407.00000,403.77000,406.56000,399.36700,0.64%,3181871
2023-07-12,410.19000,411.13000,408.79000,409.76000,402.51000,0.79%,4246359
2023-07-13,411.54000,413.81000,411.13000,413.10000,405.79100,0.82%,3273427
2023-07-14,413.94000,414.71000,412.08000,412.77000,405.46700,-0.08%,3680945
2023-07-17,412.65000,415.25000,412.63000,414.21000,406.88100,0.35%,2968267
2023-07-18,413.91000,417.93000,413.54000,417.35000,409.96600,0.76%,3597284
2023-07-19,418.07000,419.37000,417.49000,418.25000,410.85000,0.22%,3494916
2023-07-20,417.30000,418.16000,414.82000,415.52000,408.16800,-0.65%,4084997
2023-07-21,417.11000,417.30000,415.48000,415.57000,408.21700,0.01%,3176713
2023-07-24,416.58000,418.10000,416.01500,417.33000,409.94600,0.42%,3471126
2023-07-25,417.08000,419.65000,417.06700,418.56000,411.15400,0.29%,3949308
2023-07-26,417.62000,419.89000,416.58000,418.66000,411.25200,0.02%,6138837
2023-07-27,421.79000,422.15000,414.92000,415.82000,408.46300,-0.68%,4149443
2023-07-28,418.93000,420.62000,418.16000,419.87000,412.44100,0.97%,2702729
2023-07-31,420.32000,420.97000,419.05000,420.68000,413.23700,0.19%,3454537
2023-08-01,419.26000,420.08000,418.55000,419.38000,411.96000,-0.31%,3137275
2023-08-02,416.46000,416.70000,412.88000,413.57000,406.25300,-1.39%,4979068
2023-08-03,411.68000,414.19000,411.09000,412.40000,405.10300,-0.28%,3028199
2023-08-04,414.15000,416.12900,410.03000,410.38000,403.11900,-0.49%,5717266
2023-08-07,412.29000,414.24000,411.64000,414.08000,406.75400,0.90%,2597977
2023-08-08,411.76000,412.74000,409.12500,412.29000,404.99500,-0.43%,3780086
2023-08-09,412.66000,412.73000,408.85000,409.55000,402.30400,-0.66%,3145934
2023-08-10,411.80000,415.05000,408.62000,409.79000,402.53900,0.06%,4588326
2023-08-11,407.95000,410.41000,407.34000,409.41000,402.16600,-0.09%,2918862
2023-08-14,408.56000,411.74000,408.31000,411.72000,404.43500,0.56%,2772912
2023-08-15,410.09000,411.71300,406.41000,407.00000,399.79900,-1.15%,4686119
2023-08-16,406.59000,408.11000,403.87000,403.99000,396.84200,-0.74%,3353653
2023-08-17,405.33000,405.58000,400.37000,400.72000,393.63000,-0.81%,7102504
2023-08-18,398.17000,402.02000,397.85000,401.09000,393.99300,0.09%,4157667
2023-08-21,402.14000,404.39000,399.99000,403.74000,396.59600,0.66%,3292434
2023-08-22,405.35000,405.40000,402.06000,402.61000,395.48600,-0.28%,2648051
2023-08-23,403.56000,407.67000,403.47000,406.95000,399.75000,1.08%,3249964
2023-08-24,408.60000,409.07900,401.40000,401.54000,394.43500,-1.33%,3458791
2023-08-25,403.08000,405.80000,399.71000,404.20000,397.04800,0.66%,4417835
2023-08-28,406.36000,407.44000,405.10000,406.86000,399.66100,0.66%,3236711
2023-08-29,406.78000,412.98000,406.57000,412.64000,405.33900,1.42%,3482664
2023-08-30,413.03000,415.02900,412.40000,414.36000,407.02900,0.42%,3004516
2023-08-31,414.98200,416.12000,413.66000,413.83000,406.50800,-0.13%,4751131
2023-09-01,416.46000,416.88000,413.21000,414.71000,407.37200,0.21%,3587971
2023-09-05,414.20000,414.47000,412.77000,412.90000,405.59400,-0.44%,4426687
2023-09-06,412.10000,412.13000,407.83000,410.05000,402.79500,-0.69%,3744068
2023-09-07,407.17000,409.43000,406.85500,408.83000,401.59600,-0.30%,2245759
2023-09-08,408.82000,410.84000,408.49000,409.39000,402.14600,0.14%,4125223
2023-09-11,411.88000,412.38000,410.29000,412.08000,404.78900,0.66%,3346563
2023-09-12,410.70000,412.15000,409.29000,409.87000,402.61800,-0.54%,7595296
2023-09-13,410.03000,411.40000,408.99000,410.35000,403.09000,0.12%,2529748
2023-09-14,412.67000,414.51000,411.42000,413.90000,406.57700,0.87%,3660901
2023-09-15,412.34000,412.67000,408.48000,408.74000,401.50800,-1.25%,4004030
2023-09-18,408.58000,410.34000,408.16000,409.19000,401.95000,0.11%,3014571
2023-09-19,408.22000,408.80500,405.71000,408.37000,401.14500,-0.20%,3629773
2023-09-20,409.46000,409.84000,404.33000,404.55000,397.39200,-0.94%,4009415
2023-09-21,401.80000,402.05000,397.69000,397.92000,390.87900,-1.64%,4633139
2023-09-22,398.79500,400.32600,396.55500,396.96000,389.93600,-0.24%,7206528
2023-09-25,395.76000,398.63900,395.37000,398.61000,391.55700,0.42%,3227900
2023-09-26,395.72000,396.36000,391.96000,392.76000,385.81100,-1.47%,5734734
2023-09-27,393.84000,394.39000,389.45000,392.85000,385.89900,0.02%,4837698
2023-09-28,390.87000,395.27000,390.33000,393.64000,388.14100,0.20%,4065775
2023-09-29,396.62000,396.74000,391.30000,392.70000,387.21400,-0.24%,5766585
2023-10-02,391.90000,393.76000,389.97000,392.67000,387.18500,-0.01%,5886153
2023-10-03,390.58000,391.93000,386.03000,387.39000,381.97900,-1.34%,6886663
2023-10-04,387.73000,390.85000,386.40000,390.24000,384.78900,0.74%,4333740
2023-10-05,389.89000,390.78900,386.95000,389.91000,384.46300,-0.08%,3329091
2023-10-06,387.69000,396.08500,386.41000,394.56000,389.04800,1.19%,4897219
2023-10-09,392.80000,397.69000,392.31000,397.19000,391.64200,0.67%,2959502
2023-10-10,397.77000,401.68000,397.38800,399.24000,393.66300,0.52%,3289640
2023-10-11,400.27000,401.09000,397.99000,400.93000,395.32900,0.42%,4181784
2023-10-12,401.48000,401.80000,396.20000,398.52000,392.95300,-0.60%,3872929
2023-10-13,399.81000,400.96000,394.96000,396.42000,390.88200,-0.53%,3772219
2023-10-16,398.57000,401.60000,398.34000,400.57000,394.97400,1.05%,5150941
2023-10-17,397.63000,402.50000,397.30800,400.58000,394.98400,,4214609
2023-10-18,398.89000,399.81000,394.22000,395.22000,389.69900,-1.34%,7329261
2023-10-19,395.97000,397.60000,391.13500,391.87000,386.39600,-0.85%,6708903
2023-10-20,391.38000,391.82000,386.84000,386.99000,381.58400,-1.25%,7549614
2023-10-23,385.48000,389.94000,383.85000,386.31000,380.91400,-0.18%,5537131
2023-10-24,388.28000,390.26000,386.55000,389.20000,383.76300,0.75%,4451513
2023-10-25,387.60000,387.68000,383.12000,383.71000,378.35000,-1.41%,5471214
2023-10-26,382.63000,383.39700,378.15000,379.00000,373.70600,-1.23%,6959401
2023-10-27,380.53000,380.89000,375.94500,377.32000,372.04900,-0.44%,5638752
2023-10-30,379.91000,382.80000,378.71000,381.86000,376.52600,1.20%,5795761
2023-10-31,382.35000,384.48000,380.56000,384.17000,378.80400,0.60%,4523160
2023-11-01,385.09000,389.08000,384.62000,388.40000,382.97400,1.10%,5549159
2023-11-02,391.93000,395.91000,391.92000,395.78000,390.25100,1.90%,4752164
2023-11-03,397.92000,400.85000,397.84000,399.44000,393.86000,0.92%,5981435
2023-11-06,400.12000,400.73300,398.46000,400.21000,394.61900,0.19%,4007105
2023-11-07,400.26000,402.04000,399.23000,401.34000,395.73400,0.28%,3358578
2023-11-08,401.99000,402.50300,399.56000,401.67000,396.05900,0.08%,3731858
2023-11-09,402.81000,402.88000,398.21000,398.64000,393.07100,-0.75%,4145615
2023-11-10,400.59000,405.10900,399.14000,404.86000,399.20500,1.56%,3994439
2023-11-13,403.59000,405.49000,402.82000,404.45000,398.80000,-0.10%,2872941
2023-11-14,410.04000,413.51000,409.88600,412.22000,406.46200,1.92%,6973115
2023-11-15,413.54000,414.72000,412.37000,413.12000,407.34900,0.22%,4414807
2023-11-16,412.74000,413.95000,411.75000,413.70000,407.92100,0.14%,3798889
2023-11-17,413.94000,414.79000,412.87000,414.31000,408.52300,0.15%,4700139
2023-11-20,413.99000,418.20000,413.98000,417.43000,411.59900,0.75%,3524412
2023-11-21,416.40000,416.84000,415.30000,416.34000,410.52400,-0.26%,5248187
2023-11-22,418.07000,419.31000,417.06000,418.14000,412.29900,0.43%,3694064
2023-11-24,418.19000,418.49000,417.84000,418.37000,412.52600,0.06%,1351272
2023-11-27,417.79000,418.52700,417.23000,417.64000,411.80600,-0.17%,3632552
2023-11-28,417.25000,419.25000,416.71000,418.05000,412.21000,0.10%,3382442
2023-11-29,420.05900,421.12000,417.36500,417.78000,411.94400,-0.06%,4092618
2023-11-30,418.54000,419.70000,416.57000,419.40000,413.54100,0.39%,4405690
2023-12-01,418.83000,422.37000,418.25000,421.86000,415.96700,0.59%,4973625
2023-12-04,418.65000,419.87000,417.50000,419.74000,413.87700,-0.50%,5806079
2023-12-05,418.34000,420.47000,418.00000,419.61000,413.74800,-0.03%,3419283
2023-12-06,421.61000,421.67000,417.46000,417.86000,412.02300,-0.42%,4187876
2023-12-07,419.81000,421.67000,419.28000,421.13000,415.24700,0.78%,3248251
2023-12-08,420.37000,423.37000,420.15000,422.92000,417.01200,0.43%,5125278
2023-12-11,422.41000,424.71000,422.22000,424.56000,418.62900,0.39%,5247086
2023-12-12,424.22000,426.67000,423.27400,426.67000,420.71000,0.50%,5982557
2023-12-13,426.88000,432.61000,426.51000,432.48000,426.43900,1.36%,8659116
2023-12-14,434.22000,435.36400,431.24000,433.75000,427.69100,0.29%,8349143
2023-12-15,433.19000,434.25000,432.24000,433.09000,427.04000,-0.15%,5326041
2023-12-18,434.64000,436.40000,434.45000,435.54000,429.45600,0.57%,4280475
2023-12-19,436.04000,438.22000,435.95000,438.19000,432.06900,0.61%,4037929
2023-12-20,435.51000,437.30500,429.90000,430.09000,425.85800,-1.85%,5783234
2023-12-21,433.13000,434.64000,430.85500,434.28000,430.00700,0.97%,4621606
2023-12-22,435.46000,436.83800,433.48000,435.29000,431.00700,0.23%,4037829
2023-12-26,435.66600,437.92000,435.58000,437.10000,432.79900,0.42%,3835837
2023-12-27,436.89500,438.02000,436.42000,437.90000,433.59100,0.18%,4250474
2023-12-28,438.25000,438.84000,437.66000,437.97000,433.66000,0.02%,4703655
2023-12-29,437.87000,438.34000,434.94000,436.80000,432.50200,-0.27%,4376885
2024-01-02,433.91000,435.27000,432.36000,434.01000,429.73900,-0.64%,9076041
2024-01-03,432.32000,433.00000,430.25000,430.79000,426.55100,-0.74%,4805049
2024-01-04,430.33000,432.78000,429.21000,429.43000,425.20500,-0.32%,3945259
2024-01-05,429.59000,432.30000,428.64000,429.98000,425.74900,0.13%,5693235
2024-01-08,430.45000,436.27000,430.37000,436.13000,431.83900,1.43%,7222362
2024-01-09,433.62000,436.43000,433.16300,435.07000,430.78900,-0.24%,7939567
2024-01-10,435.77000,438.73500,435.48000,437.94000,433.63100,0.66%,4278841
2024-01-11,438.94000,439.35500,434.00000,437.79000,433.48200,-0.03%,4796587
2024-01-12,439.11000,439.80000,436.73000,437.99000,433.68000,0.05%,5182669
2024-01-16,436.79000,437.98000,434.74000,436.50000,432.20500,-0.34%,5730839
2024-01-17,433.60000,434.48000,431.81000,434.07000,429.79900,-0.56%,6044611
2024-01-18,435.58000,438.39000,434.16000,437.93000,433.62100,0.89%,4331285
2024-01-19,439.00000,443.61000,438.31000,443.29000,438.92800,1.22%,4836802
2024-01-22,444.77000,445.92000,443.68000,444.30000,439.92800,0.23%,5870412
2024-01-23,444.83000,445.82000,443.78000,445.62000,441.23500,0.30%,3251586
2024-01-24,448.32000,449.19000,445.75000,445.99000,441.60200,0.08%,4226967
2024-01-25,448.14000,448.76000,446.11000,448.50000,444.08700,0.56%,4167055
2024-01-26,448.10000,449.51000,447.16000,448.23000,443.82000,-0.06%,6404023
2024-01-29,448.23000,451.61000,447.71100,451.49000,447.04700,0.73%,4543252
2024-01-30,450.84000,451.81000,450.44000,451.17000,446.73100,-0.07%,3409953
2024-01-31,449.04000,449.46500,443.75000,443.82000,439.45300,-1.63%,7108043
2024-02-01,445.35000,449.66000,444.65000,449.66000,445.23500,1.32%,6138360
2024-02-02,450.01000,455.88000,449.69000,454.28000,449.81000,1.03%,6253482
2024-02-05,453.73000,454.15000,450.54000,452.62000,448.16600,-0.37%,7101857
2024-02-06,453.58000,454.29000,452.21000,454.03000,449.56200,0.31%,4383601
2024-02-07,456.15000,458.18000,455.27000,457.76000,453.25600,0.82%,6763415
2024-02-08,457.81000,458.33000,457.03000,458.07000,453.56300,0.07%,4184592
2024-02-09,458.54000,461.03000,458.17000,460.67000,456.13700,0.57%,4002594
2024-02-12,460.61000,462.74000,459.75000,460.46000,455.92900,-0.05%,4564233
2024-02-13,454.48000,455.70000,450.99500,453.97000,449.50300,-1.41%,8152242
2024-02-14,456.57500,458.67000,454.40000,458.29000,453.78100,0.95%,5624009
2024-02-15,458.90000,461.54000,458.43000,461.39000,456.85000,0.68%,5695711
2024-02-16,461.08000,462.15000,458.40000,459.03000,454.51300,-0.51%,5527893
2024-02-20,457.44000,458.06000,454.43000,456.51000,452.01800,-0.55%,5306784
2024-02-21,455.32000,457.12000,453.60000,456.97000,452.47400,0.10%,4223078
2024-02-22,463.22000,467.33000,462.31500,466.57000,461.97900,2.10%,4328536
2024-02-23,468.09000,468.87000,466.09100,466.78000,462.18700,0.05%,4050621
2024-02-26,467.19000,467.59000,464.94000,465.07000,460.49400,-0.37%,3450804
2024-02-27,465.71000,466.12000,463.91000,465.93000,461.34500,0.18%,3586943
2024-02-28,464.49000,465.83000,464.11000,465.21000,460.63200,-0.15%,2800602
2024-02-29,466.97000,468.49000,464.47000,466.93000,462.33600,0.37%,7332921
2024-03-01,467.83000,471.77000,467.43000,471.43000,466.79100,0.96%,4839421
2024-03-04,470.61000,472.60000,470.60000,470.87000,466.23700,-0.12%,3970242
2024-03-05,468.95000,469.38000,464.06000,466.15000,461.56300,-1.00%,4616503
2024-03-06,469.25000,470.66000,467.32000,468.62000,464.00900,0.53%,5325050
2024-03-07,471.63000,474.19000,470.78000,473.26000,468.60300,0.99%,7149802
2024-03-08,473.77000,476.29900,469.82000,470.39000,465.76100,-0.61%,6285625
2024-03-11,469.20000,470.46000,467.39000,470.00000,465.37500,-0.08%,5304156
2024-03-12,471.92000,475.55000,469.57000,475.03000,470.35600,1.07%,4785237
2024-03-13,475.31000,475.47000,472.90000,474.31000,469.64300,-0.15%,3530683
2024-03-14,475.16000,475.32500,470.45000,473.27000,468.61300,-0.22%,5137814
2024-03-15,470.41000,471.78100,468.72000,470.01000,465.38500,-0.69%,6807087
2024-03-18,473.95000,475.27900,472.50000,472.95000,468.29600,0.63%,3939105
2024-03-19,472.20000,475.74000,471.29000,475.60000,470.92000,0.56%,4550248
2024-03-20,475.54000,480.02000,474.93000,479.75000,475.02900,0.87%,6179356
2024-03-21,482.62000,483.23500,481.21000,481.35000,476.61400,0.33%,5044680
2024-03-22,479.87000,480.32000,478.82000,479.18000,475.99300,-0.45%,5881503
2024-03-25,477.73000,478.79000,477.55000,477.94000,474.76100,-0.26%,6081277
2024-03-26,479.06000,479.37000,476.43000,476.60000,473.43000,-0.28%,8073502
2024-03-27,479.51000,480.87000,477.45000,480.76000,477.56200,0.87%,4951429
2024-03-28,480.87000,482.16000,480.50300,480.70000,477.50300,-0.01%,4065018
2024-04-01,481.44000,481.96000,478.83000,480.07000,476.87700,-0.13%,5709120
2024-04-02,476.33000,476.99000,474.71000,476.93000,473.75800,-0.65%,4789607
2024-04-03,475.84000,478.80200,475.79000,477.36000,474.18500,0.09%,6167918
2024-04-04,481.20000,481.48000,471.27000,471.48000,468.34400,-1.23%,6801625
2024-04-05,472.85000,478.33000,472.42000,476.49000,473.32100,1.06%,5550779
2024-04-08,477.15000,478.07000,475.97000,476.68000,473.50900,0.04%,4725041
2024-04-09,478.38000,478.60000,472.74000,477.27000,474.09500,0.12%,5173820
2024-04-10,471.91000,474.39000,470.67000,472.65000,469.50600,-0.97%,6933388
2024-04-11,473.98000,477.43000,470.67000,476.06000,472.89300,0.72%,5109901
2024-04-12,472.77000,474.05000,467.91000,469.57000,466.44700,-1.36%,6959723
2024-04-15,473.47000,473.59000,462.85000,463.61000,460.52600,-1.27%,9530044
2024-04-16,464.05000,465.51000,461.59000,462.78000,459.70200,-0.18%,6761419
2024-04-17,465.11000,465.24000,458.73000,459.99000,456.93000,-0.60%,7156229
2024-04-18,461.36000,463.30000,458.21000,458.94000,455.88700,-0.23%,5637286
2024-04-19,458.99000,459.94000,453.90000,455.10000,452.07300,-0.84%,9787454
2024-04-22,457.55000,461.73000,455.35000,459.05000,455.99700,0.87%,5818088
2024-04-23,461.18000,465.13000,460.67000,464.84000,461.74800,1.26%,4257400
2024-04-24,465.57000,466.31000,462.44000,464.50000,461.41000,-0.07%,7687837
2024-04-25,458.77000,463.46000,457.26000,462.58000,459.50300,-0.41%,4876228
2024-04-26,465.33000,468.63000,464.81000,467.21000,464.10200,1.00%,4907113
2024-04-29,468.84000,469.42000,466.21000,468.84000,465.72100,0.35%,3253205
2024-04-30,467.42000,468.34000,461.36000,461.43000,458.36100,-1.58%,4364836
2024-05-01,460.77000,467.07000,459.44000,459.93000,456.87100,-0.33%,6115377
2024-05-02,463.36000,464.95000,459.16000,464.22000,461.13200,0.93%,3972424
2024-05-03,469.76000,471.00000,467.44000,469.98000,466.85400,1.24%,4586859
2024-05-06,472.22000,474.81000,471.82000,474.72000,471.56200,1.01%,4782542
2024-05-07,475.70000,476.64000,474.71000,475.40000,472.23800,0.14%,3451302
2024-05-08,473.59000,475.86000,473.50000,475.42000,472.25800,,3214878
2024-05-09,475.59000,478.15000,474.94000,478.15000,474.97000,0.57%,3486049
2024-05-10,479.69000,480.39000,477.59000,478.74000,475.55600,0.12%,3347159
2024-05-13,480.35000,480.42000,477.73000,478.77000,475.58500,0.01%,3108442
2024-05-14,478.98000,481.47000,478.48000,481.04000,477.84000,0.47%,3257724
2024-05-15,483.34000,487.23000,482.73500,486.90000,483.66100,1.22%,4399485
2024-05-16,487.05000,488.57000,485.83000,485.97000,482.73800,-0.19%,3347381
2024-05-17,486.09000,486.73000,484.70000,486.69000,483.45300,0.15%,3274035
2024-05-20,486.78000,488.61000,486.45000,487.17000,483.93000,0.10%,2599585
2024-05-21,486.53000,488.58000,486.35000,488.48000,485.23100,0.27%,2453576
2024-05-22,487.79000,488.43000,484.94000,487.06000,483.82000,-0.29%,3250581
2024-05-23,489.91000,489.99000,482.29000,483.44000,480.22400,-0.74%,3811307
2024-05-24,485.18000,487.40000,484.33000,486.73000,483.49200,0.68%,2555241
2024-05-28,487.40000,487.64500,484.52500,487.12000,483.88000,0.08%,4034716
2024-05-29,483.19000,484.68000,482.96000,483.69000,480.47300,-0.70%,5604961
2024-05-30,482.12000,482.75000,479.20000,480.44000,477.24400,-0.67%,3393589
2024-05-31,481.24000,484.91000,476.47500,484.62000,481.39700,0.87%,5333971
2024-06-03,486.30000,486.41000,480.40000,485.15000,481.92300,0.11%,4211256
2024-06-04,484.00000,486.41000,482.56000,485.74000,482.50900,0.12%,2560269
2024-06-05,487.87000,491.55000,486.06000,491.55000,488.28000,1.20%,3026146
2024-06-06,491.84000,492.18000,489.64000,491.44000,488.17100,-0.02%,21343964
2024-06-07,490.55000,493.53000,489.54000,490.80000,487.53500,-0.13%,3063587
2024-06-10,490.17000,492.69000,489.56000,492.41000,489.13500,0.33%,3465222
2024-06-11,490.99000,493.66000,489.10900,493.53000,490.24700,0.23%,4028423
2024-06-12,497.93000,500.15000,496.71000,497.64000,494.33000,0.83%,3698787
2024-06-13,499.30000,499.45000,496.06000,498.58000,495.26400,0.19%,8808879
2024-06-14,497.26000,499.04000,496.29000,498.98000,495.66100,0.08%,5812046
2024-06-17,498.48000,504.18000,497.91000,502.94000,499.59500,0.79%,4609539
2024-06-18,503.05000,504.35500,502.63000,504.28000,500.92600,0.27%,3431665
2024-06-20,505.14000,505.74000,501.19000,502.88000,499.53500,-0.28%,4810867
2024-06-21,502.10000,503.21600,500.85000,501.78000,498.44200,-0.22%,4347838
2024-06-24,502.03000,504.44000,500.43000,500.43000,497.10100,-0.27%,7022844
2024-06-25,501.71000,502.83000,500.32000,502.51000,499.16800,0.42%,6336724
2024-06-26,501.47000,503.77000,500.89000,503.07000,499.72400,0.11%,3202700
2024-06-27,503.00000,504.48000,502.32000,503.85000,500.49900,0.16%,3619655
2024-06-28,502.97000,505.73000,499.01000,500.13000,498.57500,-0.74%,5598571
2024-07-01,501.49000,501.68000,498.60000,501.28000,499.72100,0.23%,4368526
2024-07-02,499.69000,504.61000,499.61000,504.53000,502.96100,0.65%,4210083
2024-07-03,504.22000,507.14000,504.22000,506.81000,505.23400,0.45%,2131086
2024-07-05,507.13000,510.10000,506.49000,509.84000,508.25500,0.60%,3156922
2024-07-08,510.50000,511.20500,509.32000,510.33000,508.74300,0.10%,3143379
2024-07-09,511.21000,512.01000,510.54000,510.89000,509.30200,0.11%,3145823
2024-07-10,511.98000,516.18500,511.69000,515.81000,514.20600,0.96%,3446923
2024-07-11,516.00000,516.79000,510.82500,511.39000,509.80000,-0.86%,5546308
2024-07-12,512.49000,518.03000,512.17000,514.55000,512.95000,0.62%,5238170
2024-07-15,516.58000,519.12000,514.34000,516.11000,514.50500,0.30%,7771524
2024-07-16,517.33000,519.40000,516.60000,519.04000,517.42600,0.57%,4164300
2024-07-17,513.56000,515.11000,511.56000,511.79000,510.19900,-1.40%,4984306
2024-07-18,513.25000,514.19000,505.87100,507.94000,506.36100,-0.75%,5055850
2024-07-19,507.64000,509.20000,503.56000,504.55000,502.98100,-0.67%,4039437
2024-07-22,508.27000,510.32000,506.44000,509.79000,508.20500,1.04%,4342929
2024-07-23,509.66000,511.65000,508.49000,508.94000,507.35800,-0.17%,3116045
2024-07-24,504.43000,504.70000,496.54500,497.29000,495.74400,-2.29%,6157402
2024-07-25,497.55000,503.14000,493.92000,494.78000,493.24200,-0.50%,5646601
2024-07-26,498.36000,502.88500,497.67000,500.33000,498.77400,1.12%,3635984
2024-07-29,501.82000,502.76500,498.77500,500.70000,499.14300,0.07%,3096178
2024-07-30,502.05000,503.01000,494.91500,498.08000,496.53100,-0.52%,3817800
2024-07-31,504.48000,508.65300,503.30500,505.93000,504.35700,1.58%,5367587
2024-08-01,507.84000,509.90000,495.75000,499.03000,497.47800,-1.36%,6939217
2024-08-02,492.41000,493.52000,485.80000,489.91000,488.38700,-1.83%,8561166
2024-08-05,470.17000,481.18000,468.89000,475.20000,473.72300,-3.00%,15244276
2024-08-06,477.39000,486.86000,475.94000,479.94000,478.44800,1.00%,8255040
2024-08-07,485.70000,488.55000,476.11000,476.61000,475.12800,-0.69%,5976351
2024-08-08,481.49000,488.27000,479.64000,487.73000,486.21400,2.33%,4177234
2024-08-09,486.93000,491.21000,485.82000,489.82000,488.29700,0.43%,7661331
2024-08-12,490.94000,492.35000,487.98000,490.07000,488.54600,0.05%,3578134
2024-08-13,493.14000,498.38000,492.92000,498.21000,496.66100,1.66%,3247887
2024-08-14,498.92000,500.85000,496.47800,499.80000,498.24600,0.32%,3700503
2024-08-15,505.09000,508.59000,504.48600,508.38000,506.79900,1.72%,4278953
2024-08-16,506.84000,510.11000,506.65000,509.45000,507.86600,0.21%,3449286
2024-08-19,509.86000,514.35000,509.06000,514.35000,512.75100,0.96%,3804313
2024-08-20,513.92000,515.48000,512.25000,513.50000,511.90300,-0.17%,3155981
2024-08-21,514.47000,516.66000,512.85000,515.30000,513.69800,0.35%,3344050
2024-08-22,517.05000,517.63000,510.10000,511.13000,509.54100,-0.81%,3677087
2024-08-23,514.33000,517.55000,512.25200,516.66000,515.05400,1.08%,5102791
2024-08-26,517.64000,518.29000,513.87500,515.39000,513.78800,-0.25%,3398640
2024-08-27,514.26000,516.59000,513.16000,516.08000,514.47500,0.13%,3031778
2024-08-28,515.80000,516.23000,510.16000,513.13000,511.53500,-0.57%,3940428
2024-08-29,514.99000,518.09000,512.13000,513.21000,511.61400,0.02%,3487145
2024-08-30,515.42000,518.58000,512.12000,518.04000,516.42900,0.94%,5637725
2024-09-03,515.12000,515.43000,505.10000,507.56000,505.98200,-2.02%,5866441
2024-09-04,505.68000,509.53000,505.02000,506.30000,504.72600,-0.25%,3568039
2024-09-05,506.36000,508.94000,502.84000,505.05000,503.48000,-0.25%,3425569
2024-09-06,505.34000,506.94000,495.80000,496.64000,495.09600,-1.67%,7411439
2024-09-09,500.60000,503.37000,498.75000,502.23000,500.66800,1.13%,3656797
2024-09-10,503.95000,504.70500,499.50000,504.30000,502.73200,0.41%,2975385
2024-09-11,504.31000,510.44000,496.25000,509.46000,507.87600,1.02%,4945832
2024-09-12,510.09000,514.14000,508.06000,513.84000,512.24200,0.86%,4099538
2024-09-13,514.43000,517.53000,514.23000,516.57000,514.96400,0.53%,4416641
2024-09-16,516.34000,517.59000,514.65000,517.35000,515.74100,0.15%,4256253
2024-09-17,519.44000,520.73500,515.50000,517.59000,515.98100,0.05%,8149957
2024-09-18,518.18000,522.73000,515.47000,515.91000,514.30600,-0.32%,6921278
2024-09-19,524.88000,526.60000,522.19000,524.91000,523.27800,1.74%,5558371
2024-09-20,523.51000,524.92000,521.12000,523.88000,522.25100,-0.20%,5612678
2024-09-23,525.00000,525.83000,523.83000,525.17000,523.53700,0.25%,29289155
2024-09-24,526.01000,526.84000,523.38000,526.68000,525.04200,0.29%,4650608
2024-09-25,526.61000,527.30000,524.65000,525.61000,523.97600,-0.20%,35418049
2024-09-26,529.67000,529.92000,525.49000,527.70000,526.05900,0.40%,5273915
2024-09-27,527.09000,527.77000,524.32000,525.38000,525.38000,-0.44%,5598594
2024-09-30,524.32000,527.95500,522.19000,527.67000,527.67000,0.44%,8017349
2024-10-01,527.04000,527.10000,520.23000,522.74000,522.74000,-0.93%,9198657
2024-10-02,521.85000,523.85000,519.58000,522.83000,522.83000,0.02%,3270583
2024-10-03,521.56000,523.75500,519.82000,521.84000,521.84000,-0.19%,4007952
2024-10-04,526.16000,527.02000,522.30000,526.65000,526.65000,0.92%,5358175
2024-10-07,525.14000,525.72000,520.81000,521.91000,521.91000,-0.90%,3970505
2024-10-08,524.32000,527.38000,523.50000,526.85000,526.85000,0.95%,2626667
2024-10-09,526.87000,531.03000,526.31000,530.45000,530.45000,0.68%,2941785
2024-10-10,529.27000,530.90000,528.09000,529.56000,529.56000,-0.17%,3637633
2024-10-11,529.50000,533.43000,529.39000,532.71000,532.71000,0.59%,5429168
2024-10-14,534.25000,537.98000,533.97000,537.07000,537.07000,0.82%,2638929
2024-10-15,537.38000,537.61000,531.82000,532.98000,532.98000,-0.76%,4811330
2024-10-16,532.93000,535.73000,532.21500,535.22000,535.22000,0.42%,3237216
2024-10-17,538.62000,538.76000,535.15000,535.30000,535.30000,0.01%,3225297
2024-10-18,536.90000,538.10000,535.56000,537.36000,537.36000,0.38%,5070412
2024-10-21,536.72000,537.61000,533.71000,536.53000,536.53000,-0.15%,3671431
2024-10-22,534.11000,537.28000,533.47000,536.16000,536.16000,-0.07%,3366595
2024-10-23,534.28000,534.72000,528.02000,531.27000,531.27000,-0.91%,5227754
2024-10-24,533.17000,533.18000,530.04000,532.47000,532.47000,0.23%,4477762
2024-10-25,534.65000,537.26000,531.41400,532.26000,532.26000,-0.04%,4327190
2024-10-28,535.53000,535.57000,533.67100,533.92000,533.92000,0.31%,3407971
2024-10-29,533.12000,535.82000,531.75000,534.77000,534.77000,0.16%,3027611
2024-10-30,534.35000,536.20000,532.59000,533.16000,533.16000,-0.30%,3067015
2024-10-31,529.09000,529.23000,522.51000,522.67000,522.67000,-1.97%,7972774
2024-11-01,525.16000,529.08000,524.54000,524.94000,524.94000,0.43%,6106942
2024-11-04,525.06000,526.28000,522.03000,523.80000,523.80000,-0.22%,3681461
2024-11-05,524.72000,530.17000,524.48000,530.10000,530.10000,1.20%,3300279
2024-11-06,541.65000,544.14000,538.17000,543.30000,543.30000,2.49%,7483337
2024-11-07,545.22000,548.47500,545.15000,547.53000,547.53000,0.78%,6051276
2024-11-08,548.07000,551.24000,548.06000,549.95000,549.95000,0.44%,6797976
2024-11-11,551.43000,551.73000,548.85000,550.40000,550.40000,0.08%,4893129
2024-11-12,550.39000,550.94000,546.43000,548.75000,548.75000,-0.30%,4818613
2024-11-13,549.16000,550.88000,546.97000,549.03000,549.03000,0.05%,3701570
2024-11-14,549.10000,549.57000,544.88000,545.54000,545.54000,-0.64%,3940282
2024-11-15,542.13000,542.57000,536.75000,538.50000,538.50000,-1.29%,7360114
2024-11-18,538.92000,541.93000,538.14500,540.73000,540.73000,0.41%,4504246
2024-11-19,537.50000,543.37000,536.90000,542.70000,542.70000,0.36%,6978373
2024-11-20,542.78000,543.07000,537.44000,542.90000,542.90000,0.04%,3949060
2024-11-21,545.58000,547.07000,540.04000,545.64000,545.64000,0.50%,4530619
2024-11-22,545.82000,548.05000,545.37000,547.47000,547.47000,0.34%,5574588
2024-11-25,551.20000,552.38000,547.20000,549.23000,549.23000,0.32%,4305001
2024-11-26,550.50000,552.82000,549.85000,552.31000,552.31000,0.56%,4438574
2024-11-27,552.04000,552.38000,549.11000,550.55000,550.55000,-0.32%,3312219
2024-11-29,551.29000,554.70000,551.07000,553.45000,553.45000,0.53%,3981847
2024-12-02,554.36000,555.57000,553.89000,555.01000,555.01000,0.28%,5441011
2024-12-03,554.80000,555.43000,553.79000,555.14000,555.14000,0.02%,4202906
2024-12-04,556.83000,558.88000,556.17100,558.64000,558.64000,0.63%,5490321
2024-12-05,558.63000,559.41000,557.46000,557.71000,557.71000,-0.17%,3021561
2024-12-06,558.47000,559.96000,558.08000,558.82000,558.82000,0.20%,5134880
2024-12-09,558.71000,558.86500,555.38000,555.91000,555.91000,-0.52%,4209468